/*--------------------------------*- C++ -*----------------------------------*\
| =========                 |                                                 |
| \\      /  F ield         | foam-extend: Open Source CFD                    |
|  \\    /   O peration     | Version:     4.0                                |
|   \\  /    A nd           | Web:         http://www.foam-extend.org         |
|    \\/     M anipulation  |                                                 |
\*---------------------------------------------------------------------------*/
FoamFile
{
    version     2.0;
    format      ascii;
    class       vectorField;
    location    "constant/polyMesh";
    object      points;
}
// * * * * * * * * * * * * * * * * * * * * * * * * * * * * * * * * * * * * * //


1204
(
(0 0 0)
(6.66666666666667e-06 0 0)
(1.33333333333333e-05 0 0)
(2e-05 0 0)
(2.66666666666667e-05 0 0)
(3.33333333333333e-05 0 0)
(4e-05 0 0)
(4.66666666666667e-05 0 0)
(5.33333333333333e-05 0 0)
(6e-05 0 0)
(6.66666666666667e-05 0 0)
(7.33333333333333e-05 0 0)
(8e-05 0 0)
(8.66666666666667e-05 0 0)
(9.33333333333333e-05 0 0)
(0.0001 0 0)
(0.000106666666666667 0 0)
(0.000113333333333333 0 0)
(0.00012 0 0)
(0.000126666666666667 0 0)
(0.000133333333333333 0 0)
(0.00014 0 0)
(0.000146666666666667 0 0)
(0.000153333333333333 0 0)
(0.00016 0 0)
(0.000166666666666667 0 0)
(0.000173333333333333 0 0)
(0.00018 0 0)
(0.000186666666666667 0 0)
(0.000193333333333333 0 0)
(0.0002 0 0)
(0.000206666666666667 0 0)
(0.000213333333333333 0 0)
(0.00022 0 0)
(0.000226666666666667 0 0)
(0.000233333333333333 0 0)
(0.00024 0 0)
(0.000246666666666667 0 0)
(0.000253333333333333 0 0)
(0.00026 0 0)
(0.000266666666666667 0 0)
(0.000273333333333333 0 0)
(0.00028 0 0)
(0.000286666666666667 0 0)
(0.000293333333333333 0 0)
(0.0003 0 0)
(0.000306666666666667 0 0)
(0.000313333333333333 0 0)
(0.00032 0 0)
(0.000326666666666667 0 0)
(0.000333333333333333 0 0)
(0.00034 0 0)
(0.000346666666666667 0 0)
(0.000353333333333333 0 0)
(0.00036 0 0)
(0.000366666666666667 0 0)
(0.000373333333333333 0 0)
(0.00038 0 0)
(0.000386666666666667 0 0)
(0.000393333333333333 0 0)
(0.0004 0 0)
(0.000406666666666667 0 0)
(0.000413333333333333 0 0)
(0.00042 0 0)
(0.000426666666666667 0 0)
(0.000433333333333333 0 0)
(0.00044 0 0)
(0.000446666666666667 0 0)
(0.000453333333333333 0 0)
(0.00046 0 0)
(0.000466666666666667 0 0)
(0.000473333333333333 0 0)
(0.00048 0 0)
(0.000486666666666667 0 0)
(0.000493333333333333 0 0)
(0.0005 0 0)
(0.000506666666666667 0 0)
(0.000513333333333333 0 0)
(0.00052 0 0)
(0.000526666666666667 0 0)
(0.000533333333333333 0 0)
(0.00054 0 0)
(0.000546666666666667 0 0)
(0.000553333333333333 0 0)
(0.00056 0 0)
(0.000566666666666667 0 0)
(0.000573333333333333 0 0)
(0.00058 0 0)
(0.000586666666666667 0 0)
(0.000593333333333333 0 0)
(0.0006 0 0)
(0.000606666666666667 0 0)
(0.000613333333333333 0 0)
(0.00062 0 0)
(0.000626666666666667 0 0)
(0.000633333333333333 0 0)
(0.00064 0 0)
(0.000646666666666667 0 0)
(0.000653333333333333 0 0)
(0.00066 0 0)
(0.000666666666666667 0 0)
(0.000673333333333333 0 0)
(0.00068 0 0)
(0.000686666666666667 0 0)
(0.000693333333333333 0 0)
(0.0007 0 0)
(0.000706666666666667 0 0)
(0.000713333333333333 0 0)
(0.00072 0 0)
(0.000726666666666667 0 0)
(0.000733333333333333 0 0)
(0.00074 0 0)
(0.000746666666666667 0 0)
(0.000753333333333333 0 0)
(0.00076 0 0)
(0.000766666666666667 0 0)
(0.000773333333333333 0 0)
(0.00078 0 0)
(0.000786666666666667 0 0)
(0.000793333333333333 0 0)
(0.0008 0 0)
(0.000806666666666667 0 0)
(0.000813333333333333 0 0)
(0.00082 0 0)
(0.000826666666666667 0 0)
(0.000833333333333333 0 0)
(0.00084 0 0)
(0.000846666666666667 0 0)
(0.000853333333333333 0 0)
(0.00086 0 0)
(0.000866666666666667 0 0)
(0.000873333333333333 0 0)
(0.00088 0 0)
(0.000886666666666667 0 0)
(0.000893333333333333 0 0)
(0.0009 0 0)
(0.000906666666666667 0 0)
(0.000913333333333333 0 0)
(0.00092 0 0)
(0.000926666666666667 0 0)
(0.000933333333333333 0 0)
(0.00094 0 0)
(0.000946666666666667 0 0)
(0.000953333333333333 0 0)
(0.00096 0 0)
(0.000966666666666667 0 0)
(0.000973333333333333 0 0)
(0.00098 0 0)
(0.000986666666666667 0 0)
(0.000993333333333333 0 0)
(0.001 0 0)
(0.00100666666666667 0 0)
(0.00101333333333333 0 0)
(0.00102 0 0)
(0.00102666666666667 0 0)
(0.00103333333333333 0 0)
(0.00104 0 0)
(0.00104666666666667 0 0)
(0.00105333333333333 0 0)
(0.00106 0 0)
(0.00106666666666667 0 0)
(0.00107333333333333 0 0)
(0.00108 0 0)
(0.00108666666666667 0 0)
(0.00109333333333333 0 0)
(0.0011 0 0)
(0.00110666666666667 0 0)
(0.00111333333333333 0 0)
(0.00112 0 0)
(0.00112666666666667 0 0)
(0.00113333333333333 0 0)
(0.00114 0 0)
(0.00114666666666667 0 0)
(0.00115333333333333 0 0)
(0.00116 0 0)
(0.00116666666666667 0 0)
(0.00117333333333333 0 0)
(0.00118 0 0)
(0.00118666666666667 0 0)
(0.00119333333333333 0 0)
(0.0012 0 0)
(0.00120666666666667 0 0)
(0.00121333333333333 0 0)
(0.00122 0 0)
(0.00122666666666667 0 0)
(0.00123333333333333 0 0)
(0.00124 0 0)
(0.00124666666666667 0 0)
(0.00125333333333333 0 0)
(0.00126 0 0)
(0.00126666666666667 0 0)
(0.00127333333333333 0 0)
(0.00128 0 0)
(0.00128666666666667 0 0)
(0.00129333333333333 0 0)
(0.0013 0 0)
(0.00130666666666667 0 0)
(0.00131333333333333 0 0)
(0.00132 0 0)
(0.00132666666666667 0 0)
(0.00133333333333333 0 0)
(0.00134 0 0)
(0.00134666666666667 0 0)
(0.00135333333333333 0 0)
(0.00136 0 0)
(0.00136666666666667 0 0)
(0.00137333333333333 0 0)
(0.00138 0 0)
(0.00138666666666667 0 0)
(0.00139333333333333 0 0)
(0.0014 0 0)
(0.00140666666666667 0 0)
(0.00141333333333333 0 0)
(0.00142 0 0)
(0.00142666666666667 0 0)
(0.00143333333333333 0 0)
(0.00144 0 0)
(0.00144666666666667 0 0)
(0.00145333333333333 0 0)
(0.00146 0 0)
(0.00146666666666667 0 0)
(0.00147333333333333 0 0)
(0.00148 0 0)
(0.00148666666666667 0 0)
(0.00149333333333333 0 0)
(0.0015 0 0)
(0.00150666666666667 0 0)
(0.00151333333333333 0 0)
(0.00152 0 0)
(0.00152666666666667 0 0)
(0.00153333333333333 0 0)
(0.00154 0 0)
(0.00154666666666667 0 0)
(0.00155333333333333 0 0)
(0.00156 0 0)
(0.00156666666666667 0 0)
(0.00157333333333333 0 0)
(0.00158 0 0)
(0.00158666666666667 0 0)
(0.00159333333333333 0 0)
(0.0016 0 0)
(0.00160666666666667 0 0)
(0.00161333333333333 0 0)
(0.00162 0 0)
(0.00162666666666667 0 0)
(0.00163333333333333 0 0)
(0.00164 0 0)
(0.00164666666666667 0 0)
(0.00165333333333333 0 0)
(0.00166 0 0)
(0.00166666666666667 0 0)
(0.00167333333333333 0 0)
(0.00168 0 0)
(0.00168666666666667 0 0)
(0.00169333333333333 0 0)
(0.0017 0 0)
(0.00170666666666667 0 0)
(0.00171333333333333 0 0)
(0.00172 0 0)
(0.00172666666666667 0 0)
(0.00173333333333333 0 0)
(0.00174 0 0)
(0.00174666666666667 0 0)
(0.00175333333333333 0 0)
(0.00176 0 0)
(0.00176666666666667 0 0)
(0.00177333333333333 0 0)
(0.00178 0 0)
(0.00178666666666667 0 0)
(0.00179333333333333 0 0)
(0.0018 0 0)
(0.00180666666666667 0 0)
(0.00181333333333333 0 0)
(0.00182 0 0)
(0.00182666666666667 0 0)
(0.00183333333333333 0 0)
(0.00184 0 0)
(0.00184666666666667 0 0)
(0.00185333333333333 0 0)
(0.00186 0 0)
(0.00186666666666667 0 0)
(0.00187333333333333 0 0)
(0.00188 0 0)
(0.00188666666666667 0 0)
(0.00189333333333333 0 0)
(0.0019 0 0)
(0.00190666666666667 0 0)
(0.00191333333333333 0 0)
(0.00192 0 0)
(0.00192666666666667 0 0)
(0.00193333333333333 0 0)
(0.00194 0 0)
(0.00194666666666667 0 0)
(0.00195333333333333 0 0)
(0.00196 0 0)
(0.00196666666666667 0 0)
(0.00197333333333333 0 0)
(0.00198 0 0)
(0.00198666666666667 0 0)
(0.00199333333333333 0 0)
(0.002 0 0)
(0 0.002 0)
(6.66666666666667e-06 0.002 0)
(1.33333333333333e-05 0.002 0)
(2e-05 0.002 0)
(2.66666666666667e-05 0.002 0)
(3.33333333333333e-05 0.002 0)
(4e-05 0.002 0)
(4.66666666666667e-05 0.002 0)
(5.33333333333333e-05 0.002 0)
(6e-05 0.002 0)
(6.66666666666667e-05 0.002 0)
(7.33333333333333e-05 0.002 0)
(8e-05 0.002 0)
(8.66666666666667e-05 0.002 0)
(9.33333333333333e-05 0.002 0)
(0.0001 0.002 0)
(0.000106666666666667 0.002 0)
(0.000113333333333333 0.002 0)
(0.00012 0.002 0)
(0.000126666666666667 0.002 0)
(0.000133333333333333 0.002 0)
(0.00014 0.002 0)
(0.000146666666666667 0.002 0)
(0.000153333333333333 0.002 0)
(0.00016 0.002 0)
(0.000166666666666667 0.002 0)
(0.000173333333333333 0.002 0)
(0.00018 0.002 0)
(0.000186666666666667 0.002 0)
(0.000193333333333333 0.002 0)
(0.0002 0.002 0)
(0.000206666666666667 0.002 0)
(0.000213333333333333 0.002 0)
(0.00022 0.002 0)
(0.000226666666666667 0.002 0)
(0.000233333333333333 0.002 0)
(0.00024 0.002 0)
(0.000246666666666667 0.002 0)
(0.000253333333333333 0.002 0)
(0.00026 0.002 0)
(0.000266666666666667 0.002 0)
(0.000273333333333333 0.002 0)
(0.00028 0.002 0)
(0.000286666666666667 0.002 0)
(0.000293333333333333 0.002 0)
(0.0003 0.002 0)
(0.000306666666666667 0.002 0)
(0.000313333333333333 0.002 0)
(0.00032 0.002 0)
(0.000326666666666667 0.002 0)
(0.000333333333333333 0.002 0)
(0.00034 0.002 0)
(0.000346666666666667 0.002 0)
(0.000353333333333333 0.002 0)
(0.00036 0.002 0)
(0.000366666666666667 0.002 0)
(0.000373333333333333 0.002 0)
(0.00038 0.002 0)
(0.000386666666666667 0.002 0)
(0.000393333333333333 0.002 0)
(0.0004 0.002 0)
(0.000406666666666667 0.002 0)
(0.000413333333333333 0.002 0)
(0.00042 0.002 0)
(0.000426666666666667 0.002 0)
(0.000433333333333333 0.002 0)
(0.00044 0.002 0)
(0.000446666666666667 0.002 0)
(0.000453333333333333 0.002 0)
(0.00046 0.002 0)
(0.000466666666666667 0.002 0)
(0.000473333333333333 0.002 0)
(0.00048 0.002 0)
(0.000486666666666667 0.002 0)
(0.000493333333333333 0.002 0)
(0.0005 0.002 0)
(0.000506666666666667 0.002 0)
(0.000513333333333333 0.002 0)
(0.00052 0.002 0)
(0.000526666666666667 0.002 0)
(0.000533333333333333 0.002 0)
(0.00054 0.002 0)
(0.000546666666666667 0.002 0)
(0.000553333333333333 0.002 0)
(0.00056 0.002 0)
(0.000566666666666667 0.002 0)
(0.000573333333333333 0.002 0)
(0.00058 0.002 0)
(0.000586666666666667 0.002 0)
(0.000593333333333333 0.002 0)
(0.0006 0.002 0)
(0.000606666666666667 0.002 0)
(0.000613333333333333 0.002 0)
(0.00062 0.002 0)
(0.000626666666666667 0.002 0)
(0.000633333333333333 0.002 0)
(0.00064 0.002 0)
(0.000646666666666667 0.002 0)
(0.000653333333333333 0.002 0)
(0.00066 0.002 0)
(0.000666666666666667 0.002 0)
(0.000673333333333333 0.002 0)
(0.00068 0.002 0)
(0.000686666666666667 0.002 0)
(0.000693333333333333 0.002 0)
(0.0007 0.002 0)
(0.000706666666666667 0.002 0)
(0.000713333333333333 0.002 0)
(0.00072 0.002 0)
(0.000726666666666667 0.002 0)
(0.000733333333333333 0.002 0)
(0.00074 0.002 0)
(0.000746666666666667 0.002 0)
(0.000753333333333333 0.002 0)
(0.00076 0.002 0)
(0.000766666666666667 0.002 0)
(0.000773333333333333 0.002 0)
(0.00078 0.002 0)
(0.000786666666666667 0.002 0)
(0.000793333333333333 0.002 0)
(0.0008 0.002 0)
(0.000806666666666667 0.002 0)
(0.000813333333333333 0.002 0)
(0.00082 0.002 0)
(0.000826666666666667 0.002 0)
(0.000833333333333333 0.002 0)
(0.00084 0.002 0)
(0.000846666666666667 0.002 0)
(0.000853333333333333 0.002 0)
(0.00086 0.002 0)
(0.000866666666666667 0.002 0)
(0.000873333333333333 0.002 0)
(0.00088 0.002 0)
(0.000886666666666667 0.002 0)
(0.000893333333333333 0.002 0)
(0.0009 0.002 0)
(0.000906666666666667 0.002 0)
(0.000913333333333333 0.002 0)
(0.00092 0.002 0)
(0.000926666666666667 0.002 0)
(0.000933333333333333 0.002 0)
(0.00094 0.002 0)
(0.000946666666666667 0.002 0)
(0.000953333333333333 0.002 0)
(0.00096 0.002 0)
(0.000966666666666667 0.002 0)
(0.000973333333333333 0.002 0)
(0.00098 0.002 0)
(0.000986666666666667 0.002 0)
(0.000993333333333333 0.002 0)
(0.001 0.002 0)
(0.00100666666666667 0.002 0)
(0.00101333333333333 0.002 0)
(0.00102 0.002 0)
(0.00102666666666667 0.002 0)
(0.00103333333333333 0.002 0)
(0.00104 0.002 0)
(0.00104666666666667 0.002 0)
(0.00105333333333333 0.002 0)
(0.00106 0.002 0)
(0.00106666666666667 0.002 0)
(0.00107333333333333 0.002 0)
(0.00108 0.002 0)
(0.00108666666666667 0.002 0)
(0.00109333333333333 0.002 0)
(0.0011 0.002 0)
(0.00110666666666667 0.002 0)
(0.00111333333333333 0.002 0)
(0.00112 0.002 0)
(0.00112666666666667 0.002 0)
(0.00113333333333333 0.002 0)
(0.00114 0.002 0)
(0.00114666666666667 0.002 0)
(0.00115333333333333 0.002 0)
(0.00116 0.002 0)
(0.00116666666666667 0.002 0)
(0.00117333333333333 0.002 0)
(0.00118 0.002 0)
(0.00118666666666667 0.002 0)
(0.00119333333333333 0.002 0)
(0.0012 0.002 0)
(0.00120666666666667 0.002 0)
(0.00121333333333333 0.002 0)
(0.00122 0.002 0)
(0.00122666666666667 0.002 0)
(0.00123333333333333 0.002 0)
(0.00124 0.002 0)
(0.00124666666666667 0.002 0)
(0.00125333333333333 0.002 0)
(0.00126 0.002 0)
(0.00126666666666667 0.002 0)
(0.00127333333333333 0.002 0)
(0.00128 0.002 0)
(0.00128666666666667 0.002 0)
(0.00129333333333333 0.002 0)
(0.0013 0.002 0)
(0.00130666666666667 0.002 0)
(0.00131333333333333 0.002 0)
(0.00132 0.002 0)
(0.00132666666666667 0.002 0)
(0.00133333333333333 0.002 0)
(0.00134 0.002 0)
(0.00134666666666667 0.002 0)
(0.00135333333333333 0.002 0)
(0.00136 0.002 0)
(0.00136666666666667 0.002 0)
(0.00137333333333333 0.002 0)
(0.00138 0.002 0)
(0.00138666666666667 0.002 0)
(0.00139333333333333 0.002 0)
(0.0014 0.002 0)
(0.00140666666666667 0.002 0)
(0.00141333333333333 0.002 0)
(0.00142 0.002 0)
(0.00142666666666667 0.002 0)
(0.00143333333333333 0.002 0)
(0.00144 0.002 0)
(0.00144666666666667 0.002 0)
(0.00145333333333333 0.002 0)
(0.00146 0.002 0)
(0.00146666666666667 0.002 0)
(0.00147333333333333 0.002 0)
(0.00148 0.002 0)
(0.00148666666666667 0.002 0)
(0.00149333333333333 0.002 0)
(0.0015 0.002 0)
(0.00150666666666667 0.002 0)
(0.00151333333333333 0.002 0)
(0.00152 0.002 0)
(0.00152666666666667 0.002 0)
(0.00153333333333333 0.002 0)
(0.00154 0.002 0)
(0.00154666666666667 0.002 0)
(0.00155333333333333 0.002 0)
(0.00156 0.002 0)
(0.00156666666666667 0.002 0)
(0.00157333333333333 0.002 0)
(0.00158 0.002 0)
(0.00158666666666667 0.002 0)
(0.00159333333333333 0.002 0)
(0.0016 0.002 0)
(0.00160666666666667 0.002 0)
(0.00161333333333333 0.002 0)
(0.00162 0.002 0)
(0.00162666666666667 0.002 0)
(0.00163333333333333 0.002 0)
(0.00164 0.002 0)
(0.00164666666666667 0.002 0)
(0.00165333333333333 0.002 0)
(0.00166 0.002 0)
(0.00166666666666667 0.002 0)
(0.00167333333333333 0.002 0)
(0.00168 0.002 0)
(0.00168666666666667 0.002 0)
(0.00169333333333333 0.002 0)
(0.0017 0.002 0)
(0.00170666666666667 0.002 0)
(0.00171333333333333 0.002 0)
(0.00172 0.002 0)
(0.00172666666666667 0.002 0)
(0.00173333333333333 0.002 0)
(0.00174 0.002 0)
(0.00174666666666667 0.002 0)
(0.00175333333333333 0.002 0)
(0.00176 0.002 0)
(0.00176666666666667 0.002 0)
(0.00177333333333333 0.002 0)
(0.00178 0.002 0)
(0.00178666666666667 0.002 0)
(0.00179333333333333 0.002 0)
(0.0018 0.002 0)
(0.00180666666666667 0.002 0)
(0.00181333333333333 0.002 0)
(0.00182 0.002 0)
(0.00182666666666667 0.002 0)
(0.00183333333333333 0.002 0)
(0.00184 0.002 0)
(0.00184666666666667 0.002 0)
(0.00185333333333333 0.002 0)
(0.00186 0.002 0)
(0.00186666666666667 0.002 0)
(0.00187333333333333 0.002 0)
(0.00188 0.002 0)
(0.00188666666666667 0.002 0)
(0.00189333333333333 0.002 0)
(0.0019 0.002 0)
(0.00190666666666667 0.002 0)
(0.00191333333333333 0.002 0)
(0.00192 0.002 0)
(0.00192666666666667 0.002 0)
(0.00193333333333333 0.002 0)
(0.00194 0.002 0)
(0.00194666666666667 0.002 0)
(0.00195333333333333 0.002 0)
(0.00196 0.002 0)
(0.00196666666666667 0.002 0)
(0.00197333333333333 0.002 0)
(0.00198 0.002 0)
(0.00198666666666667 0.002 0)
(0.00199333333333333 0.002 0)
(0.002 0.002 0)
(0 0 0.002)
(6.66666666666667e-06 0 0.002)
(1.33333333333333e-05 0 0.002)
(2e-05 0 0.002)
(2.66666666666667e-05 0 0.002)
(3.33333333333333e-05 0 0.002)
(4e-05 0 0.002)
(4.66666666666667e-05 0 0.002)
(5.33333333333333e-05 0 0.002)
(6e-05 0 0.002)
(6.66666666666667e-05 0 0.002)
(7.33333333333333e-05 0 0.002)
(8e-05 0 0.002)
(8.66666666666667e-05 0 0.002)
(9.33333333333333e-05 0 0.002)
(0.0001 0 0.002)
(0.000106666666666667 0 0.002)
(0.000113333333333333 0 0.002)
(0.00012 0 0.002)
(0.000126666666666667 0 0.002)
(0.000133333333333333 0 0.002)
(0.00014 0 0.002)
(0.000146666666666667 0 0.002)
(0.000153333333333333 0 0.002)
(0.00016 0 0.002)
(0.000166666666666667 0 0.002)
(0.000173333333333333 0 0.002)
(0.00018 0 0.002)
(0.000186666666666667 0 0.002)
(0.000193333333333333 0 0.002)
(0.0002 0 0.002)
(0.000206666666666667 0 0.002)
(0.000213333333333333 0 0.002)
(0.00022 0 0.002)
(0.000226666666666667 0 0.002)
(0.000233333333333333 0 0.002)
(0.00024 0 0.002)
(0.000246666666666667 0 0.002)
(0.000253333333333333 0 0.002)
(0.00026 0 0.002)
(0.000266666666666667 0 0.002)
(0.000273333333333333 0 0.002)
(0.00028 0 0.002)
(0.000286666666666667 0 0.002)
(0.000293333333333333 0 0.002)
(0.0003 0 0.002)
(0.000306666666666667 0 0.002)
(0.000313333333333333 0 0.002)
(0.00032 0 0.002)
(0.000326666666666667 0 0.002)
(0.000333333333333333 0 0.002)
(0.00034 0 0.002)
(0.000346666666666667 0 0.002)
(0.000353333333333333 0 0.002)
(0.00036 0 0.002)
(0.000366666666666667 0 0.002)
(0.000373333333333333 0 0.002)
(0.00038 0 0.002)
(0.000386666666666667 0 0.002)
(0.000393333333333333 0 0.002)
(0.0004 0 0.002)
(0.000406666666666667 0 0.002)
(0.000413333333333333 0 0.002)
(0.00042 0 0.002)
(0.000426666666666667 0 0.002)
(0.000433333333333333 0 0.002)
(0.00044 0 0.002)
(0.000446666666666667 0 0.002)
(0.000453333333333333 0 0.002)
(0.00046 0 0.002)
(0.000466666666666667 0 0.002)
(0.000473333333333333 0 0.002)
(0.00048 0 0.002)
(0.000486666666666667 0 0.002)
(0.000493333333333333 0 0.002)
(0.0005 0 0.002)
(0.000506666666666667 0 0.002)
(0.000513333333333333 0 0.002)
(0.00052 0 0.002)
(0.000526666666666667 0 0.002)
(0.000533333333333333 0 0.002)
(0.00054 0 0.002)
(0.000546666666666667 0 0.002)
(0.000553333333333333 0 0.002)
(0.00056 0 0.002)
(0.000566666666666667 0 0.002)
(0.000573333333333333 0 0.002)
(0.00058 0 0.002)
(0.000586666666666667 0 0.002)
(0.000593333333333333 0 0.002)
(0.0006 0 0.002)
(0.000606666666666667 0 0.002)
(0.000613333333333333 0 0.002)
(0.00062 0 0.002)
(0.000626666666666667 0 0.002)
(0.000633333333333333 0 0.002)
(0.00064 0 0.002)
(0.000646666666666667 0 0.002)
(0.000653333333333333 0 0.002)
(0.00066 0 0.002)
(0.000666666666666667 0 0.002)
(0.000673333333333333 0 0.002)
(0.00068 0 0.002)
(0.000686666666666667 0 0.002)
(0.000693333333333333 0 0.002)
(0.0007 0 0.002)
(0.000706666666666667 0 0.002)
(0.000713333333333333 0 0.002)
(0.00072 0 0.002)
(0.000726666666666667 0 0.002)
(0.000733333333333333 0 0.002)
(0.00074 0 0.002)
(0.000746666666666667 0 0.002)
(0.000753333333333333 0 0.002)
(0.00076 0 0.002)
(0.000766666666666667 0 0.002)
(0.000773333333333333 0 0.002)
(0.00078 0 0.002)
(0.000786666666666667 0 0.002)
(0.000793333333333333 0 0.002)
(0.0008 0 0.002)
(0.000806666666666667 0 0.002)
(0.000813333333333333 0 0.002)
(0.00082 0 0.002)
(0.000826666666666667 0 0.002)
(0.000833333333333333 0 0.002)
(0.00084 0 0.002)
(0.000846666666666667 0 0.002)
(0.000853333333333333 0 0.002)
(0.00086 0 0.002)
(0.000866666666666667 0 0.002)
(0.000873333333333333 0 0.002)
(0.00088 0 0.002)
(0.000886666666666667 0 0.002)
(0.000893333333333333 0 0.002)
(0.0009 0 0.002)
(0.000906666666666667 0 0.002)
(0.000913333333333333 0 0.002)
(0.00092 0 0.002)
(0.000926666666666667 0 0.002)
(0.000933333333333333 0 0.002)
(0.00094 0 0.002)
(0.000946666666666667 0 0.002)
(0.000953333333333333 0 0.002)
(0.00096 0 0.002)
(0.000966666666666667 0 0.002)
(0.000973333333333333 0 0.002)
(0.00098 0 0.002)
(0.000986666666666667 0 0.002)
(0.000993333333333333 0 0.002)
(0.001 0 0.002)
(0.00100666666666667 0 0.002)
(0.00101333333333333 0 0.002)
(0.00102 0 0.002)
(0.00102666666666667 0 0.002)
(0.00103333333333333 0 0.002)
(0.00104 0 0.002)
(0.00104666666666667 0 0.002)
(0.00105333333333333 0 0.002)
(0.00106 0 0.002)
(0.00106666666666667 0 0.002)
(0.00107333333333333 0 0.002)
(0.00108 0 0.002)
(0.00108666666666667 0 0.002)
(0.00109333333333333 0 0.002)
(0.0011 0 0.002)
(0.00110666666666667 0 0.002)
(0.00111333333333333 0 0.002)
(0.00112 0 0.002)
(0.00112666666666667 0 0.002)
(0.00113333333333333 0 0.002)
(0.00114 0 0.002)
(0.00114666666666667 0 0.002)
(0.00115333333333333 0 0.002)
(0.00116 0 0.002)
(0.00116666666666667 0 0.002)
(0.00117333333333333 0 0.002)
(0.00118 0 0.002)
(0.00118666666666667 0 0.002)
(0.00119333333333333 0 0.002)
(0.0012 0 0.002)
(0.00120666666666667 0 0.002)
(0.00121333333333333 0 0.002)
(0.00122 0 0.002)
(0.00122666666666667 0 0.002)
(0.00123333333333333 0 0.002)
(0.00124 0 0.002)
(0.00124666666666667 0 0.002)
(0.00125333333333333 0 0.002)
(0.00126 0 0.002)
(0.00126666666666667 0 0.002)
(0.00127333333333333 0 0.002)
(0.00128 0 0.002)
(0.00128666666666667 0 0.002)
(0.00129333333333333 0 0.002)
(0.0013 0 0.002)
(0.00130666666666667 0 0.002)
(0.00131333333333333 0 0.002)
(0.00132 0 0.002)
(0.00132666666666667 0 0.002)
(0.00133333333333333 0 0.002)
(0.00134 0 0.002)
(0.00134666666666667 0 0.002)
(0.00135333333333333 0 0.002)
(0.00136 0 0.002)
(0.00136666666666667 0 0.002)
(0.00137333333333333 0 0.002)
(0.00138 0 0.002)
(0.00138666666666667 0 0.002)
(0.00139333333333333 0 0.002)
(0.0014 0 0.002)
(0.00140666666666667 0 0.002)
(0.00141333333333333 0 0.002)
(0.00142 0 0.002)
(0.00142666666666667 0 0.002)
(0.00143333333333333 0 0.002)
(0.00144 0 0.002)
(0.00144666666666667 0 0.002)
(0.00145333333333333 0 0.002)
(0.00146 0 0.002)
(0.00146666666666667 0 0.002)
(0.00147333333333333 0 0.002)
(0.00148 0 0.002)
(0.00148666666666667 0 0.002)
(0.00149333333333333 0 0.002)
(0.0015 0 0.002)
(0.00150666666666667 0 0.002)
(0.00151333333333333 0 0.002)
(0.00152 0 0.002)
(0.00152666666666667 0 0.002)
(0.00153333333333333 0 0.002)
(0.00154 0 0.002)
(0.00154666666666667 0 0.002)
(0.00155333333333333 0 0.002)
(0.00156 0 0.002)
(0.00156666666666667 0 0.002)
(0.00157333333333333 0 0.002)
(0.00158 0 0.002)
(0.00158666666666667 0 0.002)
(0.00159333333333333 0 0.002)
(0.0016 0 0.002)
(0.00160666666666667 0 0.002)
(0.00161333333333333 0 0.002)
(0.00162 0 0.002)
(0.00162666666666667 0 0.002)
(0.00163333333333333 0 0.002)
(0.00164 0 0.002)
(0.00164666666666667 0 0.002)
(0.00165333333333333 0 0.002)
(0.00166 0 0.002)
(0.00166666666666667 0 0.002)
(0.00167333333333333 0 0.002)
(0.00168 0 0.002)
(0.00168666666666667 0 0.002)
(0.00169333333333333 0 0.002)
(0.0017 0 0.002)
(0.00170666666666667 0 0.002)
(0.00171333333333333 0 0.002)
(0.00172 0 0.002)
(0.00172666666666667 0 0.002)
(0.00173333333333333 0 0.002)
(0.00174 0 0.002)
(0.00174666666666667 0 0.002)
(0.00175333333333333 0 0.002)
(0.00176 0 0.002)
(0.00176666666666667 0 0.002)
(0.00177333333333333 0 0.002)
(0.00178 0 0.002)
(0.00178666666666667 0 0.002)
(0.00179333333333333 0 0.002)
(0.0018 0 0.002)
(0.00180666666666667 0 0.002)
(0.00181333333333333 0 0.002)
(0.00182 0 0.002)
(0.00182666666666667 0 0.002)
(0.00183333333333333 0 0.002)
(0.00184 0 0.002)
(0.00184666666666667 0 0.002)
(0.00185333333333333 0 0.002)
(0.00186 0 0.002)
(0.00186666666666667 0 0.002)
(0.00187333333333333 0 0.002)
(0.00188 0 0.002)
(0.00188666666666667 0 0.002)
(0.00189333333333333 0 0.002)
(0.0019 0 0.002)
(0.00190666666666667 0 0.002)
(0.00191333333333333 0 0.002)
(0.00192 0 0.002)
(0.00192666666666667 0 0.002)
(0.00193333333333333 0 0.002)
(0.00194 0 0.002)
(0.00194666666666667 0 0.002)
(0.00195333333333333 0 0.002)
(0.00196 0 0.002)
(0.00196666666666667 0 0.002)
(0.00197333333333333 0 0.002)
(0.00198 0 0.002)
(0.00198666666666667 0 0.002)
(0.00199333333333333 0 0.002)
(0.002 0 0.002)
(0 0.002 0.002)
(6.66666666666667e-06 0.002 0.002)
(1.33333333333333e-05 0.002 0.002)
(2e-05 0.002 0.002)
(2.66666666666667e-05 0.002 0.002)
(3.33333333333333e-05 0.002 0.002)
(4e-05 0.002 0.002)
(4.66666666666667e-05 0.002 0.002)
(5.33333333333333e-05 0.002 0.002)
(6e-05 0.002 0.002)
(6.66666666666667e-05 0.002 0.002)
(7.33333333333333e-05 0.002 0.002)
(8e-05 0.002 0.002)
(8.66666666666667e-05 0.002 0.002)
(9.33333333333333e-05 0.002 0.002)
(0.0001 0.002 0.002)
(0.000106666666666667 0.002 0.002)
(0.000113333333333333 0.002 0.002)
(0.00012 0.002 0.002)
(0.000126666666666667 0.002 0.002)
(0.000133333333333333 0.002 0.002)
(0.00014 0.002 0.002)
(0.000146666666666667 0.002 0.002)
(0.000153333333333333 0.002 0.002)
(0.00016 0.002 0.002)
(0.000166666666666667 0.002 0.002)
(0.000173333333333333 0.002 0.002)
(0.00018 0.002 0.002)
(0.000186666666666667 0.002 0.002)
(0.000193333333333333 0.002 0.002)
(0.0002 0.002 0.002)
(0.000206666666666667 0.002 0.002)
(0.000213333333333333 0.002 0.002)
(0.00022 0.002 0.002)
(0.000226666666666667 0.002 0.002)
(0.000233333333333333 0.002 0.002)
(0.00024 0.002 0.002)
(0.000246666666666667 0.002 0.002)
(0.000253333333333333 0.002 0.002)
(0.00026 0.002 0.002)
(0.000266666666666667 0.002 0.002)
(0.000273333333333333 0.002 0.002)
(0.00028 0.002 0.002)
(0.000286666666666667 0.002 0.002)
(0.000293333333333333 0.002 0.002)
(0.0003 0.002 0.002)
(0.000306666666666667 0.002 0.002)
(0.000313333333333333 0.002 0.002)
(0.00032 0.002 0.002)
(0.000326666666666667 0.002 0.002)
(0.000333333333333333 0.002 0.002)
(0.00034 0.002 0.002)
(0.000346666666666667 0.002 0.002)
(0.000353333333333333 0.002 0.002)
(0.00036 0.002 0.002)
(0.000366666666666667 0.002 0.002)
(0.000373333333333333 0.002 0.002)
(0.00038 0.002 0.002)
(0.000386666666666667 0.002 0.002)
(0.000393333333333333 0.002 0.002)
(0.0004 0.002 0.002)
(0.000406666666666667 0.002 0.002)
(0.000413333333333333 0.002 0.002)
(0.00042 0.002 0.002)
(0.000426666666666667 0.002 0.002)
(0.000433333333333333 0.002 0.002)
(0.00044 0.002 0.002)
(0.000446666666666667 0.002 0.002)
(0.000453333333333333 0.002 0.002)
(0.00046 0.002 0.002)
(0.000466666666666667 0.002 0.002)
(0.000473333333333333 0.002 0.002)
(0.00048 0.002 0.002)
(0.000486666666666667 0.002 0.002)
(0.000493333333333333 0.002 0.002)
(0.0005 0.002 0.002)
(0.000506666666666667 0.002 0.002)
(0.000513333333333333 0.002 0.002)
(0.00052 0.002 0.002)
(0.000526666666666667 0.002 0.002)
(0.000533333333333333 0.002 0.002)
(0.00054 0.002 0.002)
(0.000546666666666667 0.002 0.002)
(0.000553333333333333 0.002 0.002)
(0.00056 0.002 0.002)
(0.000566666666666667 0.002 0.002)
(0.000573333333333333 0.002 0.002)
(0.00058 0.002 0.002)
(0.000586666666666667 0.002 0.002)
(0.000593333333333333 0.002 0.002)
(0.0006 0.002 0.002)
(0.000606666666666667 0.002 0.002)
(0.000613333333333333 0.002 0.002)
(0.00062 0.002 0.002)
(0.000626666666666667 0.002 0.002)
(0.000633333333333333 0.002 0.002)
(0.00064 0.002 0.002)
(0.000646666666666667 0.002 0.002)
(0.000653333333333333 0.002 0.002)
(0.00066 0.002 0.002)
(0.000666666666666667 0.002 0.002)
(0.000673333333333333 0.002 0.002)
(0.00068 0.002 0.002)
(0.000686666666666667 0.002 0.002)
(0.000693333333333333 0.002 0.002)
(0.0007 0.002 0.002)
(0.000706666666666667 0.002 0.002)
(0.000713333333333333 0.002 0.002)
(0.00072 0.002 0.002)
(0.000726666666666667 0.002 0.002)
(0.000733333333333333 0.002 0.002)
(0.00074 0.002 0.002)
(0.000746666666666667 0.002 0.002)
(0.000753333333333333 0.002 0.002)
(0.00076 0.002 0.002)
(0.000766666666666667 0.002 0.002)
(0.000773333333333333 0.002 0.002)
(0.00078 0.002 0.002)
(0.000786666666666667 0.002 0.002)
(0.000793333333333333 0.002 0.002)
(0.0008 0.002 0.002)
(0.000806666666666667 0.002 0.002)
(0.000813333333333333 0.002 0.002)
(0.00082 0.002 0.002)
(0.000826666666666667 0.002 0.002)
(0.000833333333333333 0.002 0.002)
(0.00084 0.002 0.002)
(0.000846666666666667 0.002 0.002)
(0.000853333333333333 0.002 0.002)
(0.00086 0.002 0.002)
(0.000866666666666667 0.002 0.002)
(0.000873333333333333 0.002 0.002)
(0.00088 0.002 0.002)
(0.000886666666666667 0.002 0.002)
(0.000893333333333333 0.002 0.002)
(0.0009 0.002 0.002)
(0.000906666666666667 0.002 0.002)
(0.000913333333333333 0.002 0.002)
(0.00092 0.002 0.002)
(0.000926666666666667 0.002 0.002)
(0.000933333333333333 0.002 0.002)
(0.00094 0.002 0.002)
(0.000946666666666667 0.002 0.002)
(0.000953333333333333 0.002 0.002)
(0.00096 0.002 0.002)
(0.000966666666666667 0.002 0.002)
(0.000973333333333333 0.002 0.002)
(0.00098 0.002 0.002)
(0.000986666666666667 0.002 0.002)
(0.000993333333333333 0.002 0.002)
(0.001 0.002 0.002)
(0.00100666666666667 0.002 0.002)
(0.00101333333333333 0.002 0.002)
(0.00102 0.002 0.002)
(0.00102666666666667 0.002 0.002)
(0.00103333333333333 0.002 0.002)
(0.00104 0.002 0.002)
(0.00104666666666667 0.002 0.002)
(0.00105333333333333 0.002 0.002)
(0.00106 0.002 0.002)
(0.00106666666666667 0.002 0.002)
(0.00107333333333333 0.002 0.002)
(0.00108 0.002 0.002)
(0.00108666666666667 0.002 0.002)
(0.00109333333333333 0.002 0.002)
(0.0011 0.002 0.002)
(0.00110666666666667 0.002 0.002)
(0.00111333333333333 0.002 0.002)
(0.00112 0.002 0.002)
(0.00112666666666667 0.002 0.002)
(0.00113333333333333 0.002 0.002)
(0.00114 0.002 0.002)
(0.00114666666666667 0.002 0.002)
(0.00115333333333333 0.002 0.002)
(0.00116 0.002 0.002)
(0.00116666666666667 0.002 0.002)
(0.00117333333333333 0.002 0.002)
(0.00118 0.002 0.002)
(0.00118666666666667 0.002 0.002)
(0.00119333333333333 0.002 0.002)
(0.0012 0.002 0.002)
(0.00120666666666667 0.002 0.002)
(0.00121333333333333 0.002 0.002)
(0.00122 0.002 0.002)
(0.00122666666666667 0.002 0.002)
(0.00123333333333333 0.002 0.002)
(0.00124 0.002 0.002)
(0.00124666666666667 0.002 0.002)
(0.00125333333333333 0.002 0.002)
(0.00126 0.002 0.002)
(0.00126666666666667 0.002 0.002)
(0.00127333333333333 0.002 0.002)
(0.00128 0.002 0.002)
(0.00128666666666667 0.002 0.002)
(0.00129333333333333 0.002 0.002)
(0.0013 0.002 0.002)
(0.00130666666666667 0.002 0.002)
(0.00131333333333333 0.002 0.002)
(0.00132 0.002 0.002)
(0.00132666666666667 0.002 0.002)
(0.00133333333333333 0.002 0.002)
(0.00134 0.002 0.002)
(0.00134666666666667 0.002 0.002)
(0.00135333333333333 0.002 0.002)
(0.00136 0.002 0.002)
(0.00136666666666667 0.002 0.002)
(0.00137333333333333 0.002 0.002)
(0.00138 0.002 0.002)
(0.00138666666666667 0.002 0.002)
(0.00139333333333333 0.002 0.002)
(0.0014 0.002 0.002)
(0.00140666666666667 0.002 0.002)
(0.00141333333333333 0.002 0.002)
(0.00142 0.002 0.002)
(0.00142666666666667 0.002 0.002)
(0.00143333333333333 0.002 0.002)
(0.00144 0.002 0.002)
(0.00144666666666667 0.002 0.002)
(0.00145333333333333 0.002 0.002)
(0.00146 0.002 0.002)
(0.00146666666666667 0.002 0.002)
(0.00147333333333333 0.002 0.002)
(0.00148 0.002 0.002)
(0.00148666666666667 0.002 0.002)
(0.00149333333333333 0.002 0.002)
(0.0015 0.002 0.002)
(0.00150666666666667 0.002 0.002)
(0.00151333333333333 0.002 0.002)
(0.00152 0.002 0.002)
(0.00152666666666667 0.002 0.002)
(0.00153333333333333 0.002 0.002)
(0.00154 0.002 0.002)
(0.00154666666666667 0.002 0.002)
(0.00155333333333333 0.002 0.002)
(0.00156 0.002 0.002)
(0.00156666666666667 0.002 0.002)
(0.00157333333333333 0.002 0.002)
(0.00158 0.002 0.002)
(0.00158666666666667 0.002 0.002)
(0.00159333333333333 0.002 0.002)
(0.0016 0.002 0.002)
(0.00160666666666667 0.002 0.002)
(0.00161333333333333 0.002 0.002)
(0.00162 0.002 0.002)
(0.00162666666666667 0.002 0.002)
(0.00163333333333333 0.002 0.002)
(0.00164 0.002 0.002)
(0.00164666666666667 0.002 0.002)
(0.00165333333333333 0.002 0.002)
(0.00166 0.002 0.002)
(0.00166666666666667 0.002 0.002)
(0.00167333333333333 0.002 0.002)
(0.00168 0.002 0.002)
(0.00168666666666667 0.002 0.002)
(0.00169333333333333 0.002 0.002)
(0.0017 0.002 0.002)
(0.00170666666666667 0.002 0.002)
(0.00171333333333333 0.002 0.002)
(0.00172 0.002 0.002)
(0.00172666666666667 0.002 0.002)
(0.00173333333333333 0.002 0.002)
(0.00174 0.002 0.002)
(0.00174666666666667 0.002 0.002)
(0.00175333333333333 0.002 0.002)
(0.00176 0.002 0.002)
(0.00176666666666667 0.002 0.002)
(0.00177333333333333 0.002 0.002)
(0.00178 0.002 0.002)
(0.00178666666666667 0.002 0.002)
(0.00179333333333333 0.002 0.002)
(0.0018 0.002 0.002)
(0.00180666666666667 0.002 0.002)
(0.00181333333333333 0.002 0.002)
(0.00182 0.002 0.002)
(0.00182666666666667 0.002 0.002)
(0.00183333333333333 0.002 0.002)
(0.00184 0.002 0.002)
(0.00184666666666667 0.002 0.002)
(0.00185333333333333 0.002 0.002)
(0.00186 0.002 0.002)
(0.00186666666666667 0.002 0.002)
(0.00187333333333333 0.002 0.002)
(0.00188 0.002 0.002)
(0.00188666666666667 0.002 0.002)
(0.00189333333333333 0.002 0.002)
(0.0019 0.002 0.002)
(0.00190666666666667 0.002 0.002)
(0.00191333333333333 0.002 0.002)
(0.00192 0.002 0.002)
(0.00192666666666667 0.002 0.002)
(0.00193333333333333 0.002 0.002)
(0.00194 0.002 0.002)
(0.00194666666666667 0.002 0.002)
(0.00195333333333333 0.002 0.002)
(0.00196 0.002 0.002)
(0.00196666666666667 0.002 0.002)
(0.00197333333333333 0.002 0.002)
(0.00198 0.002 0.002)
(0.00198666666666667 0.002 0.002)
(0.00199333333333333 0.002 0.002)
(0.002 0.002 0.002)
)


// ************************************************************************* //
