/*--------------------------------*- C++ -*----------------------------------*\
| =========                 |                                                 |
| \\      /  F ield         | foam-extend: Open Source CFD                    |
|  \\    /   O peration     | Version:     4.0                                |
|   \\  /    A nd           | Web:         http://www.foam-extend.org         |
|    \\/     M anipulation  |                                                 |
\*---------------------------------------------------------------------------*/
FoamFile
{
    version     2.0;
    format      ascii;
    class       labelList;
    note        "nPoints: 4712 nCells: 2250 nFaces: 9105 nInternalFaces: 4395";
    location    "constant/polyMesh";
    object      neighbour;
}
// * * * * * * * * * * * * * * * * * * * * * * * * * * * * * * * * * * * * * //


4395
(
1
75
2
76
3
77
4
78
5
79
6
80
7
81
8
82
9
83
10
84
11
85
12
86
13
87
14
88
15
89
16
90
17
91
18
92
19
93
20
94
21
95
22
96
23
97
24
98
25
99
26
100
27
101
28
102
29
103
30
104
31
105
32
106
33
107
34
108
35
109
36
110
37
111
38
112
39
113
40
114
41
115
42
116
43
117
44
118
45
119
46
120
47
121
48
122
49
123
50
124
51
125
52
126
53
127
54
128
55
129
56
130
57
131
58
132
59
133
60
134
61
135
62
136
63
137
64
138
65
139
66
140
67
141
68
142
69
143
70
144
71
145
72
146
73
147
74
148
149
76
150
77
151
78
152
79
153
80
154
81
155
82
156
83
157
84
158
85
159
86
160
87
161
88
162
89
163
90
164
91
165
92
166
93
167
94
168
95
169
96
170
97
171
98
172
99
173
100
174
101
175
102
176
103
177
104
178
105
179
106
180
107
181
108
182
109
183
110
184
111
185
112
186
113
187
114
188
115
189
116
190
117
191
118
192
119
193
120
194
121
195
122
196
123
197
124
198
125
199
126
200
127
201
128
202
129
203
130
204
131
205
132
206
133
207
134
208
135
209
136
210
137
211
138
212
139
213
140
214
141
215
142
216
143
217
144
218
145
219
146
220
147
221
148
222
149
223
224
151
225
152
226
153
227
154
228
155
229
156
230
157
231
158
232
159
233
160
234
161
235
162
236
163
237
164
238
165
239
166
240
167
241
168
242
169
243
170
244
171
245
172
246
173
247
174
248
175
249
176
250
177
251
178
252
179
253
180
254
181
255
182
256
183
257
184
258
185
259
186
260
187
261
188
262
189
263
190
264
191
265
192
266
193
267
194
268
195
269
196
270
197
271
198
272
199
273
200
274
201
275
202
276
203
277
204
278
205
279
206
280
207
281
208
282
209
283
210
284
211
285
212
286
213
287
214
288
215
289
216
290
217
291
218
292
219
293
220
294
221
295
222
296
223
297
224
298
299
226
300
227
301
228
302
229
303
230
304
231
305
232
306
233
307
234
308
235
309
236
310
237
311
238
312
239
313
240
314
241
315
242
316
243
317
244
318
245
319
246
320
247
321
248
322
249
323
250
324
251
325
252
326
253
327
254
328
255
329
256
330
257
331
258
332
259
333
260
334
261
335
262
336
263
337
264
338
265
339
266
340
267
341
268
342
269
343
270
344
271
345
272
346
273
347
274
348
275
349
276
350
277
351
278
352
279
353
280
354
281
355
282
356
283
357
284
358
285
359
286
360
287
361
288
362
289
363
290
364
291
365
292
366
293
367
294
368
295
369
296
370
297
371
298
372
299
373
374
301
375
302
376
303
377
304
378
305
379
306
380
307
381
308
382
309
383
310
384
311
385
312
386
313
387
314
388
315
389
316
390
317
391
318
392
319
393
320
394
321
395
322
396
323
397
324
398
325
399
326
400
327
401
328
402
329
403
330
404
331
405
332
406
333
407
334
408
335
409
336
410
337
411
338
412
339
413
340
414
341
415
342
416
343
417
344
418
345
419
346
420
347
421
348
422
349
423
350
424
351
425
352
426
353
427
354
428
355
429
356
430
357
431
358
432
359
433
360
434
361
435
362
436
363
437
364
438
365
439
366
440
367
441
368
442
369
443
370
444
371
445
372
446
373
447
374
448
449
376
450
377
451
378
452
379
453
380
454
381
455
382
456
383
457
384
458
385
459
386
460
387
461
388
462
389
463
390
464
391
465
392
466
393
467
394
468
395
469
396
470
397
471
398
472
399
473
400
474
401
475
402
476
403
477
404
478
405
479
406
480
407
481
408
482
409
483
410
484
411
485
412
486
413
487
414
488
415
489
416
490
417
491
418
492
419
493
420
494
421
495
422
496
423
497
424
498
425
499
426
500
427
501
428
502
429
503
430
504
431
505
432
506
433
507
434
508
435
509
436
510
437
511
438
512
439
513
440
514
441
515
442
516
443
517
444
518
445
519
446
520
447
521
448
522
449
523
524
451
525
452
526
453
527
454
528
455
529
456
530
457
531
458
532
459
533
460
534
461
535
462
536
463
537
464
538
465
539
466
540
467
541
468
542
469
543
470
544
471
545
472
546
473
547
474
548
475
549
476
550
477
551
478
552
479
553
480
554
481
555
482
556
483
557
484
558
485
559
486
560
487
561
488
562
489
563
490
564
491
565
492
566
493
567
494
568
495
569
496
570
497
571
498
572
499
573
500
574
501
575
502
576
503
577
504
578
505
579
506
580
507
581
508
582
509
583
510
584
511
585
512
586
513
587
514
588
515
589
516
590
517
591
518
592
519
593
520
594
521
595
522
596
523
597
524
598
599
526
600
527
601
528
602
529
603
530
604
531
605
532
606
533
607
534
608
535
609
536
610
537
611
538
612
539
613
540
614
541
615
542
616
543
617
544
618
545
619
546
620
547
621
548
622
549
623
550
624
551
625
552
626
553
627
554
628
555
629
556
630
557
631
558
632
559
633
560
634
561
635
562
636
563
637
564
638
565
639
566
640
567
641
568
642
569
643
570
644
571
645
572
646
573
647
574
648
575
649
576
650
577
651
578
652
579
653
580
654
581
655
582
656
583
657
584
658
585
659
586
660
587
661
588
662
589
663
590
664
591
665
592
666
593
667
594
668
595
669
596
670
597
671
598
672
599
673
674
601
675
602
676
603
677
604
678
605
679
606
680
607
681
608
682
609
683
610
684
611
685
612
686
613
687
614
688
615
689
616
690
617
691
618
692
619
693
620
694
621
695
622
696
623
697
624
698
625
699
626
700
627
701
628
702
629
703
630
704
631
705
632
706
633
707
634
708
635
709
636
710
637
711
638
712
639
713
640
714
641
715
642
716
643
717
644
718
645
719
646
720
647
721
648
722
649
723
650
724
651
725
652
726
653
727
654
728
655
729
656
730
657
731
658
732
659
733
660
734
661
735
662
736
663
737
664
738
665
739
666
740
667
741
668
742
669
743
670
744
671
745
672
746
673
747
674
748
749
676
750
677
751
678
752
679
753
680
754
681
755
682
756
683
757
684
758
685
759
686
760
687
761
688
762
689
763
690
764
691
765
692
766
693
767
694
768
695
769
696
770
697
771
698
772
699
773
700
774
701
775
702
776
703
777
704
778
705
779
706
780
707
781
708
782
709
783
710
784
711
785
712
786
713
787
714
788
715
789
716
790
717
791
718
792
719
793
720
794
721
795
722
796
723
797
724
798
725
799
726
800
727
801
728
802
729
803
730
804
731
805
732
806
733
807
734
808
735
809
736
810
737
811
738
812
739
813
740
814
741
815
742
816
743
817
744
818
745
819
746
820
747
821
748
822
749
823
824
751
825
752
826
753
827
754
828
755
829
756
830
757
831
758
832
759
833
760
834
761
835
762
836
763
837
764
838
765
839
766
840
767
841
768
842
769
843
770
844
771
845
772
846
773
847
774
848
775
849
776
850
777
851
778
852
779
853
780
854
781
855
782
856
783
857
784
858
785
859
786
860
787
861
788
862
789
863
790
864
791
865
792
866
793
867
794
868
795
869
796
870
797
871
798
872
799
873
800
874
801
875
802
876
803
877
804
878
805
879
806
880
807
881
808
882
809
883
810
884
811
885
812
886
813
887
814
888
815
889
816
890
817
891
818
892
819
893
820
894
821
895
822
896
823
897
824
898
899
826
900
827
901
828
902
829
903
830
904
831
905
832
906
833
907
834
908
835
909
836
910
837
911
838
912
839
913
840
914
841
915
842
916
843
917
844
918
845
919
846
920
847
921
848
922
849
923
850
924
851
925
852
926
853
927
854
928
855
929
856
930
857
931
858
932
859
933
860
934
861
935
862
936
863
937
864
938
865
939
866
940
867
941
868
942
869
943
870
944
871
945
872
946
873
947
874
948
875
949
876
950
877
951
878
952
879
953
880
954
881
955
882
956
883
957
884
958
885
959
886
960
887
961
888
962
889
963
890
964
891
965
892
966
893
967
894
968
895
969
896
970
897
971
898
972
899
973
974
901
975
902
976
903
977
904
978
905
979
906
980
907
981
908
982
909
983
910
984
911
985
912
986
913
987
914
988
915
989
916
990
917
991
918
992
919
993
920
994
921
995
922
996
923
997
924
998
925
999
926
1000
927
1001
928
1002
929
1003
930
1004
931
1005
932
1006
933
1007
934
1008
935
1009
936
1010
937
1011
938
1012
939
1013
940
1014
941
1015
942
1016
943
1017
944
1018
945
1019
946
1020
947
1021
948
1022
949
1023
950
1024
951
1025
952
1026
953
1027
954
1028
955
1029
956
1030
957
1031
958
1032
959
1033
960
1034
961
1035
962
1036
963
1037
964
1038
965
1039
966
1040
967
1041
968
1042
969
1043
970
1044
971
1045
972
1046
973
1047
974
1048
1049
976
1050
977
1051
978
1052
979
1053
980
1054
981
1055
982
1056
983
1057
984
1058
985
1059
986
1060
987
1061
988
1062
989
1063
990
1064
991
1065
992
1066
993
1067
994
1068
995
1069
996
1070
997
1071
998
1072
999
1073
1000
1074
1001
1075
1002
1076
1003
1077
1004
1078
1005
1079
1006
1080
1007
1081
1008
1082
1009
1083
1010
1084
1011
1085
1012
1086
1013
1087
1014
1088
1015
1089
1016
1090
1017
1091
1018
1092
1019
1093
1020
1094
1021
1095
1022
1096
1023
1097
1024
1098
1025
1099
1026
1100
1027
1101
1028
1102
1029
1103
1030
1104
1031
1105
1032
1106
1033
1107
1034
1108
1035
1109
1036
1110
1037
1111
1038
1112
1039
1113
1040
1114
1041
1115
1042
1116
1043
1117
1044
1118
1045
1119
1046
1120
1047
1121
1048
1122
1049
1123
1124
1051
1125
1052
1126
1053
1127
1054
1128
1055
1129
1056
1130
1057
1131
1058
1132
1059
1133
1060
1134
1061
1135
1062
1136
1063
1137
1064
1138
1065
1139
1066
1140
1067
1141
1068
1142
1069
1143
1070
1144
1071
1145
1072
1146
1073
1147
1074
1148
1075
1149
1076
1150
1077
1151
1078
1152
1079
1153
1080
1154
1081
1155
1082
1156
1083
1157
1084
1158
1085
1159
1086
1160
1087
1161
1088
1162
1089
1163
1090
1164
1091
1165
1092
1166
1093
1167
1094
1168
1095
1169
1096
1170
1097
1171
1098
1172
1099
1173
1100
1174
1101
1175
1102
1176
1103
1177
1104
1178
1105
1179
1106
1180
1107
1181
1108
1182
1109
1183
1110
1184
1111
1185
1112
1186
1113
1187
1114
1188
1115
1189
1116
1190
1117
1191
1118
1192
1119
1193
1120
1194
1121
1195
1122
1196
1123
1197
1124
1198
1199
1126
1200
1127
1201
1128
1202
1129
1203
1130
1204
1131
1205
1132
1206
1133
1207
1134
1208
1135
1209
1136
1210
1137
1211
1138
1212
1139
1213
1140
1214
1141
1215
1142
1216
1143
1217
1144
1218
1145
1219
1146
1220
1147
1221
1148
1222
1149
1223
1150
1224
1151
1225
1152
1226
1153
1227
1154
1228
1155
1229
1156
1230
1157
1231
1158
1232
1159
1233
1160
1234
1161
1235
1162
1236
1163
1237
1164
1238
1165
1239
1166
1240
1167
1241
1168
1242
1169
1243
1170
1244
1171
1245
1172
1246
1173
1247
1174
1248
1175
1249
1176
1250
1177
1251
1178
1252
1179
1253
1180
1254
1181
1255
1182
1256
1183
1257
1184
1258
1185
1259
1186
1260
1187
1261
1188
1262
1189
1263
1190
1264
1191
1265
1192
1266
1193
1267
1194
1268
1195
1269
1196
1270
1197
1271
1198
1272
1199
1273
1274
1201
1275
1202
1276
1203
1277
1204
1278
1205
1279
1206
1280
1207
1281
1208
1282
1209
1283
1210
1284
1211
1285
1212
1286
1213
1287
1214
1288
1215
1289
1216
1290
1217
1291
1218
1292
1219
1293
1220
1294
1221
1295
1222
1296
1223
1297
1224
1298
1225
1299
1226
1300
1227
1301
1228
1302
1229
1303
1230
1304
1231
1305
1232
1306
1233
1307
1234
1308
1235
1309
1236
1310
1237
1311
1238
1312
1239
1313
1240
1314
1241
1315
1242
1316
1243
1317
1244
1318
1245
1319
1246
1320
1247
1321
1248
1322
1249
1323
1250
1324
1251
1325
1252
1326
1253
1327
1254
1328
1255
1329
1256
1330
1257
1331
1258
1332
1259
1333
1260
1334
1261
1335
1262
1336
1263
1337
1264
1338
1265
1339
1266
1340
1267
1341
1268
1342
1269
1343
1270
1344
1271
1345
1272
1346
1273
1347
1274
1348
1349
1276
1350
1277
1351
1278
1352
1279
1353
1280
1354
1281
1355
1282
1356
1283
1357
1284
1358
1285
1359
1286
1360
1287
1361
1288
1362
1289
1363
1290
1364
1291
1365
1292
1366
1293
1367
1294
1368
1295
1369
1296
1370
1297
1371
1298
1372
1299
1373
1300
1374
1301
1375
1302
1376
1303
1377
1304
1378
1305
1379
1306
1380
1307
1381
1308
1382
1309
1383
1310
1384
1311
1385
1312
1386
1313
1387
1314
1388
1315
1389
1316
1390
1317
1391
1318
1392
1319
1393
1320
1394
1321
1395
1322
1396
1323
1397
1324
1398
1325
1399
1326
1400
1327
1401
1328
1402
1329
1403
1330
1404
1331
1405
1332
1406
1333
1407
1334
1408
1335
1409
1336
1410
1337
1411
1338
1412
1339
1413
1340
1414
1341
1415
1342
1416
1343
1417
1344
1418
1345
1419
1346
1420
1347
1421
1348
1422
1349
1423
1424
1351
1425
1352
1426
1353
1427
1354
1428
1355
1429
1356
1430
1357
1431
1358
1432
1359
1433
1360
1434
1361
1435
1362
1436
1363
1437
1364
1438
1365
1439
1366
1440
1367
1441
1368
1442
1369
1443
1370
1444
1371
1445
1372
1446
1373
1447
1374
1448
1375
1449
1376
1450
1377
1451
1378
1452
1379
1453
1380
1454
1381
1455
1382
1456
1383
1457
1384
1458
1385
1459
1386
1460
1387
1461
1388
1462
1389
1463
1390
1464
1391
1465
1392
1466
1393
1467
1394
1468
1395
1469
1396
1470
1397
1471
1398
1472
1399
1473
1400
1474
1401
1475
1402
1476
1403
1477
1404
1478
1405
1479
1406
1480
1407
1481
1408
1482
1409
1483
1410
1484
1411
1485
1412
1486
1413
1487
1414
1488
1415
1489
1416
1490
1417
1491
1418
1492
1419
1493
1420
1494
1421
1495
1422
1496
1423
1497
1424
1498
1499
1426
1500
1427
1501
1428
1502
1429
1503
1430
1504
1431
1505
1432
1506
1433
1507
1434
1508
1435
1509
1436
1510
1437
1511
1438
1512
1439
1513
1440
1514
1441
1515
1442
1516
1443
1517
1444
1518
1445
1519
1446
1520
1447
1521
1448
1522
1449
1523
1450
1524
1451
1525
1452
1526
1453
1527
1454
1528
1455
1529
1456
1530
1457
1531
1458
1532
1459
1533
1460
1534
1461
1535
1462
1536
1463
1537
1464
1538
1465
1539
1466
1540
1467
1541
1468
1542
1469
1543
1470
1544
1471
1545
1472
1546
1473
1547
1474
1548
1475
1549
1476
1550
1477
1551
1478
1552
1479
1553
1480
1554
1481
1555
1482
1556
1483
1557
1484
1558
1485
1559
1486
1560
1487
1561
1488
1562
1489
1563
1490
1564
1491
1565
1492
1566
1493
1567
1494
1568
1495
1569
1496
1570
1497
1571
1498
1572
1499
1573
1574
1501
1575
1502
1576
1503
1577
1504
1578
1505
1579
1506
1580
1507
1581
1508
1582
1509
1583
1510
1584
1511
1585
1512
1586
1513
1587
1514
1588
1515
1589
1516
1590
1517
1591
1518
1592
1519
1593
1520
1594
1521
1595
1522
1596
1523
1597
1524
1598
1525
1599
1526
1600
1527
1601
1528
1602
1529
1603
1530
1604
1531
1605
1532
1606
1533
1607
1534
1608
1535
1609
1536
1610
1537
1611
1538
1612
1539
1613
1540
1614
1541
1615
1542
1616
1543
1617
1544
1618
1545
1619
1546
1620
1547
1621
1548
1622
1549
1623
1550
1624
1551
1625
1552
1626
1553
1627
1554
1628
1555
1629
1556
1630
1557
1631
1558
1632
1559
1633
1560
1634
1561
1635
1562
1636
1563
1637
1564
1638
1565
1639
1566
1640
1567
1641
1568
1642
1569
1643
1570
1644
1571
1645
1572
1646
1573
1647
1574
1648
1649
1576
1650
1577
1651
1578
1652
1579
1653
1580
1654
1581
1655
1582
1656
1583
1657
1584
1658
1585
1659
1586
1660
1587
1661
1588
1662
1589
1663
1590
1664
1591
1665
1592
1666
1593
1667
1594
1668
1595
1669
1596
1670
1597
1671
1598
1672
1599
1673
1600
1674
1601
1675
1602
1676
1603
1677
1604
1678
1605
1679
1606
1680
1607
1681
1608
1682
1609
1683
1610
1684
1611
1685
1612
1686
1613
1687
1614
1688
1615
1689
1616
1690
1617
1691
1618
1692
1619
1693
1620
1694
1621
1695
1622
1696
1623
1697
1624
1698
1625
1699
1626
1700
1627
1701
1628
1702
1629
1703
1630
1704
1631
1705
1632
1706
1633
1707
1634
1708
1635
1709
1636
1710
1637
1711
1638
1712
1639
1713
1640
1714
1641
1715
1642
1716
1643
1717
1644
1718
1645
1719
1646
1720
1647
1721
1648
1722
1649
1723
1724
1651
1725
1652
1726
1653
1727
1654
1728
1655
1729
1656
1730
1657
1731
1658
1732
1659
1733
1660
1734
1661
1735
1662
1736
1663
1737
1664
1738
1665
1739
1666
1740
1667
1741
1668
1742
1669
1743
1670
1744
1671
1745
1672
1746
1673
1747
1674
1748
1675
1749
1676
1750
1677
1751
1678
1752
1679
1753
1680
1754
1681
1755
1682
1756
1683
1757
1684
1758
1685
1759
1686
1760
1687
1761
1688
1762
1689
1763
1690
1764
1691
1765
1692
1766
1693
1767
1694
1768
1695
1769
1696
1770
1697
1771
1698
1772
1699
1773
1700
1774
1701
1775
1702
1776
1703
1777
1704
1778
1705
1779
1706
1780
1707
1781
1708
1782
1709
1783
1710
1784
1711
1785
1712
1786
1713
1787
1714
1788
1715
1789
1716
1790
1717
1791
1718
1792
1719
1793
1720
1794
1721
1795
1722
1796
1723
1797
1724
1798
1799
1726
1800
1727
1801
1728
1802
1729
1803
1730
1804
1731
1805
1732
1806
1733
1807
1734
1808
1735
1809
1736
1810
1737
1811
1738
1812
1739
1813
1740
1814
1741
1815
1742
1816
1743
1817
1744
1818
1745
1819
1746
1820
1747
1821
1748
1822
1749
1823
1750
1824
1751
1825
1752
1826
1753
1827
1754
1828
1755
1829
1756
1830
1757
1831
1758
1832
1759
1833
1760
1834
1761
1835
1762
1836
1763
1837
1764
1838
1765
1839
1766
1840
1767
1841
1768
1842
1769
1843
1770
1844
1771
1845
1772
1846
1773
1847
1774
1848
1775
1849
1776
1850
1777
1851
1778
1852
1779
1853
1780
1854
1781
1855
1782
1856
1783
1857
1784
1858
1785
1859
1786
1860
1787
1861
1788
1862
1789
1863
1790
1864
1791
1865
1792
1866
1793
1867
1794
1868
1795
1869
1796
1870
1797
1871
1798
1872
1799
1873
1874
1801
1875
1802
1876
1803
1877
1804
1878
1805
1879
1806
1880
1807
1881
1808
1882
1809
1883
1810
1884
1811
1885
1812
1886
1813
1887
1814
1888
1815
1889
1816
1890
1817
1891
1818
1892
1819
1893
1820
1894
1821
1895
1822
1896
1823
1897
1824
1898
1825
1899
1826
1900
1827
1901
1828
1902
1829
1903
1830
1904
1831
1905
1832
1906
1833
1907
1834
1908
1835
1909
1836
1910
1837
1911
1838
1912
1839
1913
1840
1914
1841
1915
1842
1916
1843
1917
1844
1918
1845
1919
1846
1920
1847
1921
1848
1922
1849
1923
1850
1924
1851
1925
1852
1926
1853
1927
1854
1928
1855
1929
1856
1930
1857
1931
1858
1932
1859
1933
1860
1934
1861
1935
1862
1936
1863
1937
1864
1938
1865
1939
1866
1940
1867
1941
1868
1942
1869
1943
1870
1944
1871
1945
1872
1946
1873
1947
1874
1948
1949
1876
1950
1877
1951
1878
1952
1879
1953
1880
1954
1881
1955
1882
1956
1883
1957
1884
1958
1885
1959
1886
1960
1887
1961
1888
1962
1889
1963
1890
1964
1891
1965
1892
1966
1893
1967
1894
1968
1895
1969
1896
1970
1897
1971
1898
1972
1899
1973
1900
1974
1901
1975
1902
1976
1903
1977
1904
1978
1905
1979
1906
1980
1907
1981
1908
1982
1909
1983
1910
1984
1911
1985
1912
1986
1913
1987
1914
1988
1915
1989
1916
1990
1917
1991
1918
1992
1919
1993
1920
1994
1921
1995
1922
1996
1923
1997
1924
1998
1925
1999
1926
2000
1927
2001
1928
2002
1929
2003
1930
2004
1931
2005
1932
2006
1933
2007
1934
2008
1935
2009
1936
2010
1937
2011
1938
2012
1939
2013
1940
2014
1941
2015
1942
2016
1943
2017
1944
2018
1945
2019
1946
2020
1947
2021
1948
2022
1949
2023
2024
1951
2025
1952
2026
1953
2027
1954
2028
1955
2029
1956
2030
1957
2031
1958
2032
1959
2033
1960
2034
1961
2035
1962
2036
1963
2037
1964
2038
1965
2039
1966
2040
1967
2041
1968
2042
1969
2043
1970
2044
1971
2045
1972
2046
1973
2047
1974
2048
1975
2049
1976
2050
1977
2051
1978
2052
1979
2053
1980
2054
1981
2055
1982
2056
1983
2057
1984
2058
1985
2059
1986
2060
1987
2061
1988
2062
1989
2063
1990
2064
1991
2065
1992
2066
1993
2067
1994
2068
1995
2069
1996
2070
1997
2071
1998
2072
1999
2073
2000
2074
2001
2075
2002
2076
2003
2077
2004
2078
2005
2079
2006
2080
2007
2081
2008
2082
2009
2083
2010
2084
2011
2085
2012
2086
2013
2087
2014
2088
2015
2089
2016
2090
2017
2091
2018
2092
2019
2093
2020
2094
2021
2095
2022
2096
2023
2097
2024
2098
2099
2026
2100
2027
2101
2028
2102
2029
2103
2030
2104
2031
2105
2032
2106
2033
2107
2034
2108
2035
2109
2036
2110
2037
2111
2038
2112
2039
2113
2040
2114
2041
2115
2042
2116
2043
2117
2044
2118
2045
2119
2046
2120
2047
2121
2048
2122
2049
2123
2050
2124
2051
2125
2052
2126
2053
2127
2054
2128
2055
2129
2056
2130
2057
2131
2058
2132
2059
2133
2060
2134
2061
2135
2062
2136
2063
2137
2064
2138
2065
2139
2066
2140
2067
2141
2068
2142
2069
2143
2070
2144
2071
2145
2072
2146
2073
2147
2074
2148
2075
2149
2076
2150
2077
2151
2078
2152
2079
2153
2080
2154
2081
2155
2082
2156
2083
2157
2084
2158
2085
2159
2086
2160
2087
2161
2088
2162
2089
2163
2090
2164
2091
2165
2092
2166
2093
2167
2094
2168
2095
2169
2096
2170
2097
2171
2098
2172
2099
2173
2174
2101
2175
2102
2176
2103
2177
2104
2178
2105
2179
2106
2180
2107
2181
2108
2182
2109
2183
2110
2184
2111
2185
2112
2186
2113
2187
2114
2188
2115
2189
2116
2190
2117
2191
2118
2192
2119
2193
2120
2194
2121
2195
2122
2196
2123
2197
2124
2198
2125
2199
2126
2200
2127
2201
2128
2202
2129
2203
2130
2204
2131
2205
2132
2206
2133
2207
2134
2208
2135
2209
2136
2210
2137
2211
2138
2212
2139
2213
2140
2214
2141
2215
2142
2216
2143
2217
2144
2218
2145
2219
2146
2220
2147
2221
2148
2222
2149
2223
2150
2224
2151
2225
2152
2226
2153
2227
2154
2228
2155
2229
2156
2230
2157
2231
2158
2232
2159
2233
2160
2234
2161
2235
2162
2236
2163
2237
2164
2238
2165
2239
2166
2240
2167
2241
2168
2242
2169
2243
2170
2244
2171
2245
2172
2246
2173
2247
2174
2248
2249
2176
2177
2178
2179
2180
2181
2182
2183
2184
2185
2186
2187
2188
2189
2190
2191
2192
2193
2194
2195
2196
2197
2198
2199
2200
2201
2202
2203
2204
2205
2206
2207
2208
2209
2210
2211
2212
2213
2214
2215
2216
2217
2218
2219
2220
2221
2222
2223
2224
2225
2226
2227
2228
2229
2230
2231
2232
2233
2234
2235
2236
2237
2238
2239
2240
2241
2242
2243
2244
2245
2246
2247
2248
2249
)


// ************************************************************************* //
