/*--------------------------------*- C++ -*----------------------------------*\
| =========                 |                                                 |
| \\      /  F ield         | foam-extend: Open Source CFD                    |
|  \\    /   O peration     | Version:     4.0                                |
|   \\  /    A nd           | Web:         http://www.foam-extend.org         |
|    \\/     M anipulation  |                                                 |
\*---------------------------------------------------------------------------*/
FoamFile
{
    version     2.0;
    format      ascii;
    class       volScalarField;
    location    "0";
    object      Arp1;
}
// * * * * * * * * * * * * * * * * * * * * * * * * * * * * * * * * * * * * * //

dimensions      [ 0 0 0 1 0 0 0 ];

internalField   nonuniform List<scalar>
2250
(
5.00000000e+14
5.00000000e+14
5.00000000e+14
5.00000000e+14
5.00000000e+14
5.00000000e+14
5.00000000e+14
5.00000000e+14
5.00000000e+14
5.00000000e+14
5.00000000e+14
5.00000000e+14
5.00000000e+14
5.00000000e+14
5.00000001e+14
5.00000006e+14
5.00000023e+14
5.00000084e+14
5.00000288e+14
5.00000929e+14
5.00002808e+14
5.00007968e+14
5.00021225e+14
5.00053077e+14
5.00124595e+14
5.00274566e+14
5.00567992e+14
5.01103024e+14
5.02010833e+14
5.03441245e+14
5.05528449e+14
5.08337567e+14
5.11803851e+14
5.15687595e+14
5.19572095e+14
5.22922742e+14
5.25202529e+14
5.26011774e+14
5.25202529e+14
5.22922742e+14
5.19572095e+14
5.15687595e+14
5.11803851e+14
5.08337567e+14
5.05528449e+14
5.03441245e+14
5.02010833e+14
5.01103024e+14
5.00567992e+14
5.00274566e+14
5.00124595e+14
5.00053077e+14
5.00021225e+14
5.00007968e+14
5.00002808e+14
5.00000929e+14
5.00000288e+14
5.00000084e+14
5.00000023e+14
5.00000006e+14
5.00000001e+14
5.00000000e+14
5.00000000e+14
5.00000000e+14
5.00000000e+14
5.00000000e+14
5.00000000e+14
5.00000000e+14
5.00000000e+14
5.00000000e+14
5.00000000e+14
5.00000000e+14
5.00000000e+14
5.00000000e+14
5.00000000e+14
5.00000000e+14
5.00000000e+14
5.00000000e+14
5.00000000e+14
5.00000000e+14
5.00000000e+14
5.00000000e+14
5.00000000e+14
5.00000000e+14
5.00000000e+14
5.00000000e+14
5.00000000e+14
5.00000000e+14
5.00000001e+14
5.00000003e+14
5.00000014e+14
5.00000056e+14
5.00000204e+14
5.00000699e+14
5.00002251e+14
5.00006803e+14
5.00019305e+14
5.00051425e+14
5.00128596e+14
5.00301874e+14
5.00665229e+14
5.01376150e+14
5.02672445e+14
5.04871917e+14
5.08337567e+14
5.13394519e+14
5.20200549e+14
5.28598781e+14
5.38008451e+14
5.47419954e+14
5.55538018e+14
5.61061565e+14
5.63022232e+14
5.61061565e+14
5.55538018e+14
5.47419954e+14
5.38008451e+14
5.28598781e+14
5.20200549e+14
5.13394519e+14
5.08337567e+14
5.04871917e+14
5.02672445e+14
5.01376150e+14
5.00665229e+14
5.00301874e+14
5.00128596e+14
5.00051425e+14
5.00019305e+14
5.00006803e+14
5.00002251e+14
5.00000699e+14
5.00000204e+14
5.00000056e+14
5.00000014e+14
5.00000003e+14
5.00000001e+14
5.00000000e+14
5.00000000e+14
5.00000000e+14
5.00000000e+14
5.00000000e+14
5.00000000e+14
5.00000000e+14
5.00000000e+14
5.00000000e+14
5.00000000e+14
5.00000000e+14
5.00000000e+14
5.00000000e+14
5.00000000e+14
5.00000000e+14
5.00000000e+14
5.00000000e+14
5.00000000e+14
5.00000000e+14
5.00000000e+14
5.00000000e+14
5.00000000e+14
5.00000000e+14
5.00000000e+14
5.00000000e+14
5.00000000e+14
5.00000002e+14
5.00000008e+14
5.00000033e+14
5.00000127e+14
5.00000463e+14
5.00001590e+14
5.00005119e+14
5.00015474e+14
5.00043908e+14
5.00116963e+14
5.00292482e+14
5.00686590e+14
5.01513016e+14
5.03129954e+14
5.06078282e+14
5.11080823e+14
5.18963193e+14
5.30464863e+14
5.45944685e+14
5.65045856e+14
5.86447469e+14
6.07853250e+14
6.26317199e+14
6.38880105e+14
6.43339501e+14
6.38880105e+14
6.26317199e+14
6.07853250e+14
5.86447469e+14
5.65045856e+14
5.45944685e+14
5.30464863e+14
5.18963193e+14
5.11080823e+14
5.06078282e+14
5.03129954e+14
5.01513016e+14
5.00686590e+14
5.00292482e+14
5.00116963e+14
5.00043908e+14
5.00015474e+14
5.00005119e+14
5.00001590e+14
5.00000463e+14
5.00000127e+14
5.00000033e+14
5.00000008e+14
5.00000002e+14
5.00000000e+14
5.00000000e+14
5.00000000e+14
5.00000000e+14
5.00000000e+14
5.00000000e+14
5.00000000e+14
5.00000000e+14
5.00000000e+14
5.00000000e+14
5.00000000e+14
5.00000000e+14
5.00000000e+14
5.00000000e+14
5.00000000e+14
5.00000000e+14
5.00000000e+14
5.00000000e+14
5.00000000e+14
5.00000000e+14
5.00000000e+14
5.00000000e+14
5.00000000e+14
5.00000000e+14
5.00000000e+14
5.00000001e+14
5.00000004e+14
5.00000017e+14
5.00000070e+14
5.00000271e+14
5.00000990e+14
5.00003394e+14
5.00010930e+14
5.00033038e+14
5.00093749e+14
5.00249730e+14
5.00624482e+14
5.01465945e+14
5.03230456e+14
5.06682799e+14
5.12977806e+14
5.23658784e+14
5.40488518e+14
5.65045856e+14
5.98096991e+14
6.38880105e+14
6.84574920e+14
7.30278633e+14
7.69701209e+14
7.96524406e+14
8.06045709e+14
7.96524406e+14
7.69701209e+14
7.30278633e+14
6.84574920e+14
6.38880105e+14
5.98096991e+14
5.65045856e+14
5.40488518e+14
5.23658784e+14
5.12977806e+14
5.06682799e+14
5.03230456e+14
5.01465945e+14
5.00624482e+14
5.00249730e+14
5.00093749e+14
5.00033038e+14
5.00010930e+14
5.00003394e+14
5.00000990e+14
5.00000271e+14
5.00000070e+14
5.00000017e+14
5.00000004e+14
5.00000001e+14
5.00000000e+14
5.00000000e+14
5.00000000e+14
5.00000000e+14
5.00000000e+14
5.00000000e+14
5.00000000e+14
5.00000000e+14
5.00000000e+14
5.00000000e+14
5.00000000e+14
5.00000000e+14
5.00000000e+14
5.00000000e+14
5.00000000e+14
5.00000000e+14
5.00000000e+14
5.00000000e+14
5.00000000e+14
5.00000000e+14
5.00000000e+14
5.00000000e+14
5.00000000e+14
5.00000000e+14
5.00000002e+14
5.00000008e+14
5.00000034e+14
5.00000139e+14
5.00000543e+14
5.00001983e+14
5.00006803e+14
5.00021907e+14
5.00066219e+14
5.00187905e+14
5.00500540e+14
5.01251666e+14
5.02938233e+14
5.06474892e+14
5.13394519e+14
5.26011774e+14
5.47419954e+14
5.81152253e+14
6.30373203e+14
6.96618505e+14
7.78361228e+14
8.69948607e+14
9.61553819e+14
1.04056958e+15
1.09433205e+15
1.11341586e+15
1.09433205e+15
1.04056958e+15
9.61553819e+14
8.69948607e+14
7.78361228e+14
6.96618505e+14
6.30373203e+14
5.81152253e+14
5.47419954e+14
5.26011774e+14
5.13394519e+14
5.06474892e+14
5.02938233e+14
5.01251666e+14
5.00500540e+14
5.00187905e+14
5.00066219e+14
5.00021907e+14
5.00006803e+14
5.00001983e+14
5.00000543e+14
5.00000139e+14
5.00000034e+14
5.00000008e+14
5.00000002e+14
5.00000000e+14
5.00000000e+14
5.00000000e+14
5.00000000e+14
5.00000000e+14
5.00000000e+14
5.00000000e+14
5.00000000e+14
5.00000000e+14
5.00000000e+14
5.00000000e+14
5.00000000e+14
5.00000000e+14
5.00000000e+14
5.00000000e+14
5.00000000e+14
5.00000000e+14
5.00000000e+14
5.00000000e+14
5.00000000e+14
5.00000000e+14
5.00000000e+14
5.00000000e+14
5.00000001e+14
5.00000003e+14
5.00000014e+14
5.00000063e+14
5.00000262e+14
5.00001021e+14
5.00003732e+14
5.00012801e+14
5.00041219e+14
5.00124595e+14
5.00353553e+14
5.00941794e+14
5.02355078e+14
5.05528449e+14
5.12182869e+14
5.25202529e+14
5.48942593e+14
5.89223269e+14
6.52692459e+14
7.45304402e+14
8.69948607e+14
1.02375207e+15
1.19607879e+15
1.36843907e+15
1.51711160e+15
1.61826867e+15
1.65417591e+15
1.61826867e+15
1.51711160e+15
1.36843907e+15
1.19607879e+15
1.02375207e+15
8.69948607e+14
7.45304402e+14
6.52692459e+14
5.89223269e+14
5.48942593e+14
5.25202529e+14
5.12182869e+14
5.05528449e+14
5.02355078e+14
5.00941794e+14
5.00353553e+14
5.00124595e+14
5.00041219e+14
5.00012801e+14
5.00003732e+14
5.00001021e+14
5.00000262e+14
5.00000063e+14
5.00000014e+14
5.00000003e+14
5.00000001e+14
5.00000000e+14
5.00000000e+14
5.00000000e+14
5.00000000e+14
5.00000000e+14
5.00000000e+14
5.00000000e+14
5.00000000e+14
5.00000000e+14
5.00000000e+14
5.00000000e+14
5.00000000e+14
5.00000000e+14
5.00000000e+14
5.00000000e+14
5.00000000e+14
5.00000000e+14
5.00000000e+14
5.00000000e+14
5.00000000e+14
5.00000000e+14
5.00000000e+14
5.00000001e+14
5.00000005e+14
5.00000025e+14
5.00000112e+14
5.00000463e+14
5.00001804e+14
5.00006592e+14
5.00022610e+14
5.00072805e+14
5.00220073e+14
5.00624482e+14
5.01663493e+14
5.04159783e+14
5.09764918e+14
5.21518642e+14
5.44515313e+14
5.86447469e+14
6.57595364e+14
7.69701209e+14
9.33282000e+14
1.15344148e+15
1.42510506e+15
1.72948634e+15
2.03392689e+15
2.29652767e+15
2.47520175e+15
2.53862484e+15
2.47520175e+15
2.29652767e+15
2.03392689e+15
1.72948634e+15
1.42510506e+15
1.15344148e+15
9.33282000e+14
7.69701209e+14
6.57595364e+14
5.86447469e+14
5.44515313e+14
5.21518642e+14
5.09764918e+14
5.04159783e+14
5.01663493e+14
5.00624482e+14
5.00220073e+14
5.00072805e+14
5.00022610e+14
5.00006592e+14
5.00001804e+14
5.00000463e+14
5.00000112e+14
5.00000025e+14
5.00000005e+14
5.00000001e+14
5.00000000e+14
5.00000000e+14
5.00000000e+14
5.00000000e+14
5.00000000e+14
5.00000000e+14
5.00000000e+14
5.00000000e+14
5.00000000e+14
5.00000000e+14
5.00000000e+14
5.00000000e+14
5.00000000e+14
5.00000000e+14
5.00000000e+14
5.00000000e+14
5.00000000e+14
5.00000000e+14
5.00000000e+14
5.00000000e+14
5.00000000e+14
5.00000000e+14
5.00000002e+14
5.00000009e+14
5.00000042e+14
5.00000185e+14
5.00000768e+14
5.00002991e+14
5.00010930e+14
5.00037490e+14
5.00120719e+14
5.00364905e+14
5.01035460e+14
5.02758256e+14
5.06897382e+14
5.16191319e+14
5.35680298e+14
5.73811330e+14
6.43339501e+14
7.61310610e+14
9.47194546e+14
1.21842966e+15
1.58347852e+15
2.03392689e+15
2.53862484e+15
3.04342107e+15
3.47884232e+15
3.77510378e+15
3.88026631e+15
3.77510378e+15
3.47884232e+15
3.04342107e+15
2.53862484e+15
2.03392689e+15
1.58347852e+15
1.21842966e+15
9.47194546e+14
7.61310610e+14
6.43339501e+14
5.73811330e+14
5.35680298e+14
5.16191319e+14
5.06897382e+14
5.02758256e+14
5.01035460e+14
5.00364905e+14
5.00120719e+14
5.00037490e+14
5.00010930e+14
5.00002991e+14
5.00000768e+14
5.00000185e+14
5.00000042e+14
5.00000009e+14
5.00000002e+14
5.00000000e+14
5.00000000e+14
5.00000000e+14
5.00000000e+14
5.00000000e+14
5.00000000e+14
5.00000000e+14
5.00000000e+14
5.00000000e+14
5.00000000e+14
5.00000000e+14
5.00000000e+14
5.00000000e+14
5.00000000e+14
5.00000000e+14
5.00000000e+14
5.00000000e+14
5.00000000e+14
5.00000000e+14
5.00000000e+14
5.00000000e+14
5.00000001e+14
5.00000003e+14
5.00000014e+14
5.00000065e+14
5.00000288e+14
5.00001196e+14
5.00004656e+14
5.00017013e+14
5.00058355e+14
5.00187905e+14
5.00567992e+14
5.01611741e+14
5.04293352e+14
5.10736090e+14
5.25202529e+14
5.55538018e+14
6.14890716e+14
7.23114498e+14
9.06741932e+14
1.19607879e+15
1.61826867e+15
2.18648394e+15
2.88762745e+15
3.67321294e+15
4.45895138e+15
5.13670451e+15
5.59784904e+15
5.76153933e+15
5.59784904e+15
5.13670451e+15
4.45895138e+15
3.67321294e+15
2.88762745e+15
2.18648394e+15
1.61826867e+15
1.19607879e+15
9.06741932e+14
7.23114498e+14
6.14890716e+14
5.55538018e+14
5.25202529e+14
5.10736090e+14
5.04293352e+14
5.01611741e+14
5.00567992e+14
5.00187905e+14
5.00058355e+14
5.00017013e+14
5.00004656e+14
5.00001196e+14
5.00000288e+14
5.00000065e+14
5.00000014e+14
5.00000003e+14
5.00000001e+14
5.00000000e+14
5.00000000e+14
5.00000000e+14
5.00000000e+14
5.00000000e+14
5.00000000e+14
5.00000000e+14
5.00000000e+14
5.00000000e+14
5.00000000e+14
5.00000000e+14
5.00000000e+14
5.00000000e+14
5.00000000e+14
5.00000000e+14
5.00000000e+14
5.00000000e+14
5.00000000e+14
5.00000000e+14
5.00000000e+14
5.00000001e+14
5.00000004e+14
5.00000020e+14
5.00000095e+14
5.00000422e+14
5.00001748e+14
5.00006803e+14
5.00024859e+14
5.00085269e+14
5.00274566e+14
5.00829951e+14
5.02355078e+14
5.06273454e+14
5.15687595e+14
5.36825981e+14
5.81152253e+14
6.67878523e+14
8.26015310e+14
1.09433205e+15
1.51711160e+15
2.13401621e+15
2.96429340e+15
3.98880557e+15
5.13670451e+15
6.28482695e+15
7.27516105e+15
7.94898627e+15
8.18817082e+15
7.94898627e+15
7.27516105e+15
6.28482695e+15
5.13670451e+15
3.98880557e+15
2.96429340e+15
2.13401621e+15
1.51711160e+15
1.09433205e+15
8.26015310e+14
6.67878523e+14
5.81152253e+14
5.36825981e+14
5.15687595e+14
5.06273454e+14
5.02355078e+14
5.00829951e+14
5.00274566e+14
5.00085269e+14
5.00024859e+14
5.00006803e+14
5.00001748e+14
5.00000422e+14
5.00000095e+14
5.00000020e+14
5.00000004e+14
5.00000001e+14
5.00000000e+14
5.00000000e+14
5.00000000e+14
5.00000000e+14
5.00000000e+14
5.00000000e+14
5.00000000e+14
5.00000000e+14
5.00000000e+14
5.00000000e+14
5.00000000e+14
5.00000000e+14
5.00000000e+14
5.00000000e+14
5.00000000e+14
5.00000000e+14
5.00000000e+14
5.00000000e+14
5.00000000e+14
5.00000000e+14
5.00000001e+14
5.00000006e+14
5.00000028e+14
5.00000131e+14
5.00000578e+14
5.00002398e+14
5.00009332e+14
5.00034099e+14
5.00116963e+14
5.00376622e+14
5.01138442e+14
5.03230456e+14
5.08605284e+14
5.21518642e+14
5.50514124e+14
6.11316383e+14
7.30278633e+14
9.47194546e+14
1.31524408e+15
1.89516993e+15
2.74137675e+15
3.88026631e+15
5.28558760e+15
6.86015826e+15
8.43503551e+15
9.79347481e+15
1.07177595e+16
1.10458485e+16
1.07177595e+16
9.79347481e+15
8.43503551e+15
6.86015826e+15
5.28558760e+15
3.88026631e+15
2.74137675e+15
1.89516993e+15
1.31524408e+15
9.47194546e+14
7.30278633e+14
6.11316383e+14
5.50514124e+14
5.21518642e+14
5.08605284e+14
5.03230456e+14
5.01138442e+14
5.00376622e+14
5.00116963e+14
5.00034099e+14
5.00009332e+14
5.00002398e+14
5.00000578e+14
5.00000131e+14
5.00000028e+14
5.00000006e+14
5.00000001e+14
5.00000000e+14
5.00000000e+14
5.00000000e+14
5.00000000e+14
5.00000000e+14
5.00000000e+14
5.00000000e+14
5.00000000e+14
5.00000000e+14
5.00000000e+14
5.00000000e+14
5.00000000e+14
5.00000000e+14
5.00000000e+14
5.00000000e+14
5.00000000e+14
5.00000000e+14
5.00000000e+14
5.00000000e+14
5.00000000e+14
5.00000001e+14
5.00000007e+14
5.00000036e+14
5.00000169e+14
5.00000745e+14
5.00003087e+14
5.00012017e+14
5.00043908e+14
5.00150611e+14
5.00484968e+14
5.01465945e+14
5.04159783e+14
5.11080823e+14
5.27709052e+14
5.65045856e+14
6.43339501e+14
7.96524406e+14
1.07584195e+15
1.54977072e+15
2.29652767e+15
3.38616839e+15
4.85268981e+15
6.66228914e+15
8.68982694e+15
1.07177595e+16
1.24669900e+16
1.36571698e+16
1.40796423e+16
1.36571698e+16
1.24669900e+16
1.07177595e+16
8.68982694e+15
6.66228914e+15
4.85268981e+15
3.38616839e+15
2.29652767e+15
1.54977072e+15
1.07584195e+15
7.96524406e+14
6.43339501e+14
5.65045856e+14
5.27709052e+14
5.11080823e+14
5.04159783e+14
5.01465945e+14
5.00484968e+14
5.00150611e+14
5.00043908e+14
5.00012017e+14
5.00003087e+14
5.00000745e+14
5.00000169e+14
5.00000036e+14
5.00000007e+14
5.00000001e+14
5.00000000e+14
5.00000000e+14
5.00000000e+14
5.00000000e+14
5.00000000e+14
5.00000000e+14
5.00000000e+14
5.00000000e+14
5.00000000e+14
5.00000000e+14
5.00000000e+14
5.00000000e+14
5.00000000e+14
5.00000000e+14
5.00000000e+14
5.00000000e+14
5.00000000e+14
5.00000000e+14
5.00000000e+14
5.00000000e+14
5.00000002e+14
5.00000009e+14
5.00000043e+14
5.00000204e+14
5.00000900e+14
5.00003732e+14
5.00014526e+14
5.00053077e+14
5.00182059e+14
5.00586230e+14
5.01772037e+14
5.05028353e+14
5.13394519e+14
5.33494753e+14
5.78627548e+14
6.73269048e+14
8.58439238e+14
1.19607879e+15
1.76896475e+15
2.67164590e+15
3.98880557e+15
5.76153933e+15
7.94898627e+15
1.03998776e+16
1.28512462e+16
1.49657192e+16
1.64044107e+16
1.69150962e+16
1.64044107e+16
1.49657192e+16
1.28512462e+16
1.03998776e+16
7.94898627e+15
5.76153933e+15
3.98880557e+15
2.67164590e+15
1.76896475e+15
1.19607879e+15
8.58439238e+14
6.73269048e+14
5.78627548e+14
5.33494753e+14
5.13394519e+14
5.05028353e+14
5.01772037e+14
5.00586230e+14
5.00182059e+14
5.00053077e+14
5.00014526e+14
5.00003732e+14
5.00000900e+14
5.00000204e+14
5.00000043e+14
5.00000009e+14
5.00000002e+14
5.00000000e+14
5.00000000e+14
5.00000000e+14
5.00000000e+14
5.00000000e+14
5.00000000e+14
5.00000000e+14
5.00000000e+14
5.00000000e+14
5.00000000e+14
5.00000000e+14
5.00000000e+14
5.00000000e+14
5.00000000e+14
5.00000000e+14
5.00000000e+14
5.00000000e+14
5.00000000e+14
5.00000000e+14
5.00000000e+14
5.00000002e+14
5.00000010e+14
5.00000049e+14
5.00000231e+14
5.00001021e+14
5.00004235e+14
5.00016483e+14
5.00060229e+14
5.00206593e+14
5.00665229e+14
5.02010833e+14
5.05705966e+14
5.15199543e+14
5.38008451e+14
5.89223269e+14
6.96618505e+14
9.06741932e+14
1.28988125e+15
1.93996839e+15
2.96429340e+15
4.45895138e+15
6.47057588e+15
8.95279965e+15
1.17339692e+16
1.45156802e+16
1.69150962e+16
1.85476634e+16
1.91271680e+16
1.85476634e+16
1.69150962e+16
1.45156802e+16
1.17339692e+16
8.95279965e+15
6.47057588e+15
4.45895138e+15
2.96429340e+15
1.93996839e+15
1.28988125e+15
9.06741932e+14
6.96618505e+14
5.89223269e+14
5.38008451e+14
5.15199543e+14
5.05705966e+14
5.02010833e+14
5.00665229e+14
5.00206593e+14
5.00060229e+14
5.00016483e+14
5.00004235e+14
5.00001021e+14
5.00000231e+14
5.00000049e+14
5.00000010e+14
5.00000002e+14
5.00000000e+14
5.00000000e+14
5.00000000e+14
5.00000000e+14
5.00000000e+14
5.00000000e+14
5.00000000e+14
5.00000000e+14
5.00000000e+14
5.00000000e+14
5.00000000e+14
5.00000000e+14
5.00000000e+14
5.00000000e+14
5.00000000e+14
5.00000000e+14
5.00000000e+14
5.00000000e+14
5.00000000e+14
5.00000000e+14
5.00000002e+14
5.00000010e+14
5.00000052e+14
5.00000246e+14
5.00001088e+14
5.00004511e+14
5.00017559e+14
5.00064159e+14
5.00220073e+14
5.00708636e+14
5.02142041e+14
5.06078282e+14
5.16191319e+14
5.40488518e+14
5.95045122e+14
7.09447939e+14
9.33282000e+14
1.34142130e+15
2.03392689e+15
3.12508950e+15
4.71727449e+15
6.86015826e+15
9.50434809e+15
1.24669900e+16
1.54302088e+16
1.79861875e+16
1.97252804e+16
2.03425980e+16
1.97252804e+16
1.79861875e+16
1.54302088e+16
1.24669900e+16
9.50434809e+15
6.86015826e+15
4.71727449e+15
3.12508950e+15
2.03392689e+15
1.34142130e+15
9.33282000e+14
7.09447939e+14
5.95045122e+14
5.40488518e+14
5.16191319e+14
5.06078282e+14
5.02142041e+14
5.00708636e+14
5.00220073e+14
5.00064159e+14
5.00017559e+14
5.00004511e+14
5.00001088e+14
5.00000246e+14
5.00000052e+14
5.00000010e+14
5.00000002e+14
5.00000000e+14
5.00000000e+14
5.00000000e+14
5.00000000e+14
5.00000000e+14
5.00000000e+14
5.00000000e+14
5.00000000e+14
5.00000000e+14
5.00000000e+14
5.00000000e+14
5.00000000e+14
5.00000000e+14
5.00000000e+14
5.00000000e+14
5.00000000e+14
5.00000000e+14
5.00000000e+14
5.00000000e+14
5.00000000e+14
5.00000002e+14
5.00000010e+14
5.00000052e+14
5.00000246e+14
5.00001088e+14
5.00004511e+14
5.00017559e+14
5.00064159e+14
5.00220073e+14
5.00708636e+14
5.02142041e+14
5.06078282e+14
5.16191319e+14
5.40488518e+14
5.95045122e+14
7.09447939e+14
9.33282000e+14
1.34142130e+15
2.03392689e+15
3.12508950e+15
4.71727449e+15
6.86015826e+15
9.50434809e+15
1.24669900e+16
1.54302088e+16
1.79861875e+16
1.97252804e+16
2.03425980e+16
1.97252804e+16
1.79861875e+16
1.54302088e+16
1.24669900e+16
9.50434809e+15
6.86015826e+15
4.71727449e+15
3.12508950e+15
2.03392689e+15
1.34142130e+15
9.33282000e+14
7.09447939e+14
5.95045122e+14
5.40488518e+14
5.16191319e+14
5.06078282e+14
5.02142041e+14
5.00708636e+14
5.00220073e+14
5.00064159e+14
5.00017559e+14
5.00004511e+14
5.00001088e+14
5.00000246e+14
5.00000052e+14
5.00000010e+14
5.00000002e+14
5.00000000e+14
5.00000000e+14
5.00000000e+14
5.00000000e+14
5.00000000e+14
5.00000000e+14
5.00000000e+14
5.00000000e+14
5.00000000e+14
5.00000000e+14
5.00000000e+14
5.00000000e+14
5.00000000e+14
5.00000000e+14
5.00000000e+14
5.00000000e+14
5.00000000e+14
5.00000000e+14
5.00000000e+14
5.00000000e+14
5.00000002e+14
5.00000010e+14
5.00000049e+14
5.00000231e+14
5.00001021e+14
5.00004235e+14
5.00016483e+14
5.00060229e+14
5.00206593e+14
5.00665229e+14
5.02010833e+14
5.05705966e+14
5.15199543e+14
5.38008451e+14
5.89223269e+14
6.96618505e+14
9.06741932e+14
1.28988125e+15
1.93996839e+15
2.96429340e+15
4.45895138e+15
6.47057588e+15
8.95279965e+15
1.17339692e+16
1.45156802e+16
1.69150962e+16
1.85476634e+16
1.91271680e+16
1.85476634e+16
1.69150962e+16
1.45156802e+16
1.17339692e+16
8.95279965e+15
6.47057588e+15
4.45895138e+15
2.96429340e+15
1.93996839e+15
1.28988125e+15
9.06741932e+14
6.96618505e+14
5.89223269e+14
5.38008451e+14
5.15199543e+14
5.05705966e+14
5.02010833e+14
5.00665229e+14
5.00206593e+14
5.00060229e+14
5.00016483e+14
5.00004235e+14
5.00001021e+14
5.00000231e+14
5.00000049e+14
5.00000010e+14
5.00000002e+14
5.00000000e+14
5.00000000e+14
5.00000000e+14
5.00000000e+14
5.00000000e+14
5.00000000e+14
5.00000000e+14
5.00000000e+14
5.00000000e+14
5.00000000e+14
5.00000000e+14
5.00000000e+14
5.00000000e+14
5.00000000e+14
5.00000000e+14
5.00000000e+14
5.00000000e+14
5.00000000e+14
5.00000000e+14
5.00000000e+14
5.00000002e+14
5.00000009e+14
5.00000043e+14
5.00000204e+14
5.00000900e+14
5.00003732e+14
5.00014526e+14
5.00053077e+14
5.00182059e+14
5.00586230e+14
5.01772037e+14
5.05028353e+14
5.13394519e+14
5.33494753e+14
5.78627548e+14
6.73269048e+14
8.58439238e+14
1.19607879e+15
1.76896475e+15
2.67164590e+15
3.98880557e+15
5.76153933e+15
7.94898627e+15
1.03998776e+16
1.28512462e+16
1.49657192e+16
1.64044107e+16
1.69150962e+16
1.64044107e+16
1.49657192e+16
1.28512462e+16
1.03998776e+16
7.94898627e+15
5.76153933e+15
3.98880557e+15
2.67164590e+15
1.76896475e+15
1.19607879e+15
8.58439238e+14
6.73269048e+14
5.78627548e+14
5.33494753e+14
5.13394519e+14
5.05028353e+14
5.01772037e+14
5.00586230e+14
5.00182059e+14
5.00053077e+14
5.00014526e+14
5.00003732e+14
5.00000900e+14
5.00000204e+14
5.00000043e+14
5.00000009e+14
5.00000002e+14
5.00000000e+14
5.00000000e+14
5.00000000e+14
5.00000000e+14
5.00000000e+14
5.00000000e+14
5.00000000e+14
5.00000000e+14
5.00000000e+14
5.00000000e+14
5.00000000e+14
5.00000000e+14
5.00000000e+14
5.00000000e+14
5.00000000e+14
5.00000000e+14
5.00000000e+14
5.00000000e+14
5.00000000e+14
5.00000000e+14
5.00000001e+14
5.00000007e+14
5.00000036e+14
5.00000169e+14
5.00000745e+14
5.00003087e+14
5.00012017e+14
5.00043908e+14
5.00150611e+14
5.00484968e+14
5.01465945e+14
5.04159783e+14
5.11080823e+14
5.27709052e+14
5.65045856e+14
6.43339501e+14
7.96524406e+14
1.07584195e+15
1.54977072e+15
2.29652767e+15
3.38616839e+15
4.85268981e+15
6.66228914e+15
8.68982694e+15
1.07177595e+16
1.24669900e+16
1.36571698e+16
1.40796423e+16
1.36571698e+16
1.24669900e+16
1.07177595e+16
8.68982694e+15
6.66228914e+15
4.85268981e+15
3.38616839e+15
2.29652767e+15
1.54977072e+15
1.07584195e+15
7.96524406e+14
6.43339501e+14
5.65045856e+14
5.27709052e+14
5.11080823e+14
5.04159783e+14
5.01465945e+14
5.00484968e+14
5.00150611e+14
5.00043908e+14
5.00012017e+14
5.00003087e+14
5.00000745e+14
5.00000169e+14
5.00000036e+14
5.00000007e+14
5.00000001e+14
5.00000000e+14
5.00000000e+14
5.00000000e+14
5.00000000e+14
5.00000000e+14
5.00000000e+14
5.00000000e+14
5.00000000e+14
5.00000000e+14
5.00000000e+14
5.00000000e+14
5.00000000e+14
5.00000000e+14
5.00000000e+14
5.00000000e+14
5.00000000e+14
5.00000000e+14
5.00000000e+14
5.00000000e+14
5.00000000e+14
5.00000001e+14
5.00000006e+14
5.00000028e+14
5.00000131e+14
5.00000578e+14
5.00002398e+14
5.00009332e+14
5.00034099e+14
5.00116963e+14
5.00376622e+14
5.01138442e+14
5.03230456e+14
5.08605284e+14
5.21518642e+14
5.50514124e+14
6.11316383e+14
7.30278633e+14
9.47194546e+14
1.31524408e+15
1.89516993e+15
2.74137675e+15
3.88026631e+15
5.28558760e+15
6.86015826e+15
8.43503551e+15
9.79347481e+15
1.07177595e+16
1.10458485e+16
1.07177595e+16
9.79347481e+15
8.43503551e+15
6.86015826e+15
5.28558760e+15
3.88026631e+15
2.74137675e+15
1.89516993e+15
1.31524408e+15
9.47194546e+14
7.30278633e+14
6.11316383e+14
5.50514124e+14
5.21518642e+14
5.08605284e+14
5.03230456e+14
5.01138442e+14
5.00376622e+14
5.00116963e+14
5.00034099e+14
5.00009332e+14
5.00002398e+14
5.00000578e+14
5.00000131e+14
5.00000028e+14
5.00000006e+14
5.00000001e+14
5.00000000e+14
5.00000000e+14
5.00000000e+14
5.00000000e+14
5.00000000e+14
5.00000000e+14
5.00000000e+14
5.00000000e+14
5.00000000e+14
5.00000000e+14
5.00000000e+14
5.00000000e+14
5.00000000e+14
5.00000000e+14
5.00000000e+14
5.00000000e+14
5.00000000e+14
5.00000000e+14
5.00000000e+14
5.00000000e+14
5.00000001e+14
5.00000004e+14
5.00000020e+14
5.00000095e+14
5.00000422e+14
5.00001748e+14
5.00006803e+14
5.00024859e+14
5.00085269e+14
5.00274566e+14
5.00829951e+14
5.02355078e+14
5.06273454e+14
5.15687595e+14
5.36825981e+14
5.81152253e+14
6.67878523e+14
8.26015310e+14
1.09433205e+15
1.51711160e+15
2.13401621e+15
2.96429340e+15
3.98880557e+15
5.13670451e+15
6.28482695e+15
7.27516105e+15
7.94898627e+15
8.18817082e+15
7.94898627e+15
7.27516105e+15
6.28482695e+15
5.13670451e+15
3.98880557e+15
2.96429340e+15
2.13401621e+15
1.51711160e+15
1.09433205e+15
8.26015310e+14
6.67878523e+14
5.81152253e+14
5.36825981e+14
5.15687595e+14
5.06273454e+14
5.02355078e+14
5.00829951e+14
5.00274566e+14
5.00085269e+14
5.00024859e+14
5.00006803e+14
5.00001748e+14
5.00000422e+14
5.00000095e+14
5.00000020e+14
5.00000004e+14
5.00000001e+14
5.00000000e+14
5.00000000e+14
5.00000000e+14
5.00000000e+14
5.00000000e+14
5.00000000e+14
5.00000000e+14
5.00000000e+14
5.00000000e+14
5.00000000e+14
5.00000000e+14
5.00000000e+14
5.00000000e+14
5.00000000e+14
5.00000000e+14
5.00000000e+14
5.00000000e+14
5.00000000e+14
5.00000000e+14
5.00000000e+14
5.00000001e+14
5.00000003e+14
5.00000014e+14
5.00000065e+14
5.00000288e+14
5.00001196e+14
5.00004656e+14
5.00017013e+14
5.00058355e+14
5.00187905e+14
5.00567992e+14
5.01611741e+14
5.04293352e+14
5.10736090e+14
5.25202529e+14
5.55538018e+14
6.14890716e+14
7.23114498e+14
9.06741932e+14
1.19607879e+15
1.61826867e+15
2.18648394e+15
2.88762745e+15
3.67321294e+15
4.45895138e+15
5.13670451e+15
5.59784904e+15
5.76153933e+15
5.59784904e+15
5.13670451e+15
4.45895138e+15
3.67321294e+15
2.88762745e+15
2.18648394e+15
1.61826867e+15
1.19607879e+15
9.06741932e+14
7.23114498e+14
6.14890716e+14
5.55538018e+14
5.25202529e+14
5.10736090e+14
5.04293352e+14
5.01611741e+14
5.00567992e+14
5.00187905e+14
5.00058355e+14
5.00017013e+14
5.00004656e+14
5.00001196e+14
5.00000288e+14
5.00000065e+14
5.00000014e+14
5.00000003e+14
5.00000001e+14
5.00000000e+14
5.00000000e+14
5.00000000e+14
5.00000000e+14
5.00000000e+14
5.00000000e+14
5.00000000e+14
5.00000000e+14
5.00000000e+14
5.00000000e+14
5.00000000e+14
5.00000000e+14
5.00000000e+14
5.00000000e+14
5.00000000e+14
5.00000000e+14
5.00000000e+14
5.00000000e+14
5.00000000e+14
5.00000000e+14
5.00000000e+14
5.00000002e+14
5.00000009e+14
5.00000042e+14
5.00000185e+14
5.00000768e+14
5.00002991e+14
5.00010930e+14
5.00037490e+14
5.00120719e+14
5.00364905e+14
5.01035460e+14
5.02758256e+14
5.06897382e+14
5.16191319e+14
5.35680298e+14
5.73811330e+14
6.43339501e+14
7.61310610e+14
9.47194546e+14
1.21842966e+15
1.58347852e+15
2.03392689e+15
2.53862484e+15
3.04342107e+15
3.47884232e+15
3.77510378e+15
3.88026631e+15
3.77510378e+15
3.47884232e+15
3.04342107e+15
2.53862484e+15
2.03392689e+15
1.58347852e+15
1.21842966e+15
9.47194546e+14
7.61310610e+14
6.43339501e+14
5.73811330e+14
5.35680298e+14
5.16191319e+14
5.06897382e+14
5.02758256e+14
5.01035460e+14
5.00364905e+14
5.00120719e+14
5.00037490e+14
5.00010930e+14
5.00002991e+14
5.00000768e+14
5.00000185e+14
5.00000042e+14
5.00000009e+14
5.00000002e+14
5.00000000e+14
5.00000000e+14
5.00000000e+14
5.00000000e+14
5.00000000e+14
5.00000000e+14
5.00000000e+14
5.00000000e+14
5.00000000e+14
5.00000000e+14
5.00000000e+14
5.00000000e+14
5.00000000e+14
5.00000000e+14
5.00000000e+14
5.00000000e+14
5.00000000e+14
5.00000000e+14
5.00000000e+14
5.00000000e+14
5.00000000e+14
5.00000000e+14
5.00000001e+14
5.00000005e+14
5.00000025e+14
5.00000112e+14
5.00000463e+14
5.00001804e+14
5.00006592e+14
5.00022610e+14
5.00072805e+14
5.00220073e+14
5.00624482e+14
5.01663493e+14
5.04159783e+14
5.09764918e+14
5.21518642e+14
5.44515313e+14
5.86447469e+14
6.57595364e+14
7.69701209e+14
9.33282000e+14
1.15344148e+15
1.42510506e+15
1.72948634e+15
2.03392689e+15
2.29652767e+15
2.47520175e+15
2.53862484e+15
2.47520175e+15
2.29652767e+15
2.03392689e+15
1.72948634e+15
1.42510506e+15
1.15344148e+15
9.33282000e+14
7.69701209e+14
6.57595364e+14
5.86447469e+14
5.44515313e+14
5.21518642e+14
5.09764918e+14
5.04159783e+14
5.01663493e+14
5.00624482e+14
5.00220073e+14
5.00072805e+14
5.00022610e+14
5.00006592e+14
5.00001804e+14
5.00000463e+14
5.00000112e+14
5.00000025e+14
5.00000005e+14
5.00000001e+14
5.00000000e+14
5.00000000e+14
5.00000000e+14
5.00000000e+14
5.00000000e+14
5.00000000e+14
5.00000000e+14
5.00000000e+14
5.00000000e+14
5.00000000e+14
5.00000000e+14
5.00000000e+14
5.00000000e+14
5.00000000e+14
5.00000000e+14
5.00000000e+14
5.00000000e+14
5.00000000e+14
5.00000000e+14
5.00000000e+14
5.00000000e+14
5.00000000e+14
5.00000001e+14
5.00000003e+14
5.00000014e+14
5.00000063e+14
5.00000262e+14
5.00001021e+14
5.00003732e+14
5.00012801e+14
5.00041219e+14
5.00124595e+14
5.00353553e+14
5.00941794e+14
5.02355078e+14
5.05528449e+14
5.12182869e+14
5.25202529e+14
5.48942593e+14
5.89223269e+14
6.52692459e+14
7.45304402e+14
8.69948607e+14
1.02375207e+15
1.19607879e+15
1.36843907e+15
1.51711160e+15
1.61826867e+15
1.65417591e+15
1.61826867e+15
1.51711160e+15
1.36843907e+15
1.19607879e+15
1.02375207e+15
8.69948607e+14
7.45304402e+14
6.52692459e+14
5.89223269e+14
5.48942593e+14
5.25202529e+14
5.12182869e+14
5.05528449e+14
5.02355078e+14
5.00941794e+14
5.00353553e+14
5.00124595e+14
5.00041219e+14
5.00012801e+14
5.00003732e+14
5.00001021e+14
5.00000262e+14
5.00000063e+14
5.00000014e+14
5.00000003e+14
5.00000001e+14
5.00000000e+14
5.00000000e+14
5.00000000e+14
5.00000000e+14
5.00000000e+14
5.00000000e+14
5.00000000e+14
5.00000000e+14
5.00000000e+14
5.00000000e+14
5.00000000e+14
5.00000000e+14
5.00000000e+14
5.00000000e+14
5.00000000e+14
5.00000000e+14
5.00000000e+14
5.00000000e+14
5.00000000e+14
5.00000000e+14
5.00000000e+14
5.00000000e+14
5.00000000e+14
5.00000002e+14
5.00000008e+14
5.00000034e+14
5.00000139e+14
5.00000543e+14
5.00001983e+14
5.00006803e+14
5.00021907e+14
5.00066219e+14
5.00187905e+14
5.00500540e+14
5.01251666e+14
5.02938233e+14
5.06474892e+14
5.13394519e+14
5.26011774e+14
5.47419954e+14
5.81152253e+14
6.30373203e+14
6.96618505e+14
7.78361228e+14
8.69948607e+14
9.61553819e+14
1.04056958e+15
1.09433205e+15
1.11341586e+15
1.09433205e+15
1.04056958e+15
9.61553819e+14
8.69948607e+14
7.78361228e+14
6.96618505e+14
6.30373203e+14
5.81152253e+14
5.47419954e+14
5.26011774e+14
5.13394519e+14
5.06474892e+14
5.02938233e+14
5.01251666e+14
5.00500540e+14
5.00187905e+14
5.00066219e+14
5.00021907e+14
5.00006803e+14
5.00001983e+14
5.00000543e+14
5.00000139e+14
5.00000034e+14
5.00000008e+14
5.00000002e+14
5.00000000e+14
5.00000000e+14
5.00000000e+14
5.00000000e+14
5.00000000e+14
5.00000000e+14
5.00000000e+14
5.00000000e+14
5.00000000e+14
5.00000000e+14
5.00000000e+14
5.00000000e+14
5.00000000e+14
5.00000000e+14
5.00000000e+14
5.00000000e+14
5.00000000e+14
5.00000000e+14
5.00000000e+14
5.00000000e+14
5.00000000e+14
5.00000000e+14
5.00000000e+14
5.00000000e+14
5.00000001e+14
5.00000004e+14
5.00000017e+14
5.00000070e+14
5.00000271e+14
5.00000990e+14
5.00003394e+14
5.00010930e+14
5.00033038e+14
5.00093749e+14
5.00249730e+14
5.00624482e+14
5.01465945e+14
5.03230456e+14
5.06682799e+14
5.12977806e+14
5.23658784e+14
5.40488518e+14
5.65045856e+14
5.98096991e+14
6.38880105e+14
6.84574920e+14
7.30278633e+14
7.69701209e+14
7.96524406e+14
8.06045709e+14
7.96524406e+14
7.69701209e+14
7.30278633e+14
6.84574920e+14
6.38880105e+14
5.98096991e+14
5.65045856e+14
5.40488518e+14
5.23658784e+14
5.12977806e+14
5.06682799e+14
5.03230456e+14
5.01465945e+14
5.00624482e+14
5.00249730e+14
5.00093749e+14
5.00033038e+14
5.00010930e+14
5.00003394e+14
5.00000990e+14
5.00000271e+14
5.00000070e+14
5.00000017e+14
5.00000004e+14
5.00000001e+14
5.00000000e+14
5.00000000e+14
5.00000000e+14
5.00000000e+14
5.00000000e+14
5.00000000e+14
5.00000000e+14
5.00000000e+14
5.00000000e+14
5.00000000e+14
5.00000000e+14
5.00000000e+14
5.00000000e+14
5.00000000e+14
5.00000000e+14
5.00000000e+14
5.00000000e+14
5.00000000e+14
5.00000000e+14
5.00000000e+14
5.00000000e+14
5.00000000e+14
5.00000000e+14
5.00000000e+14
5.00000000e+14
5.00000002e+14
5.00000008e+14
5.00000033e+14
5.00000127e+14
5.00000463e+14
5.00001590e+14
5.00005119e+14
5.00015474e+14
5.00043908e+14
5.00116963e+14
5.00292482e+14
5.00686590e+14
5.01513016e+14
5.03129954e+14
5.06078282e+14
5.11080823e+14
5.18963193e+14
5.30464863e+14
5.45944685e+14
5.65045856e+14
5.86447469e+14
6.07853250e+14
6.26317199e+14
6.38880105e+14
6.43339501e+14
6.38880105e+14
6.26317199e+14
6.07853250e+14
5.86447469e+14
5.65045856e+14
5.45944685e+14
5.30464863e+14
5.18963193e+14
5.11080823e+14
5.06078282e+14
5.03129954e+14
5.01513016e+14
5.00686590e+14
5.00292482e+14
5.00116963e+14
5.00043908e+14
5.00015474e+14
5.00005119e+14
5.00001590e+14
5.00000463e+14
5.00000127e+14
5.00000033e+14
5.00000008e+14
5.00000002e+14
5.00000000e+14
5.00000000e+14
5.00000000e+14
5.00000000e+14
5.00000000e+14
5.00000000e+14
5.00000000e+14
5.00000000e+14
5.00000000e+14
5.00000000e+14
5.00000000e+14
5.00000000e+14
5.00000000e+14
5.00000000e+14
5.00000000e+14
5.00000000e+14
5.00000000e+14
5.00000000e+14
5.00000000e+14
5.00000000e+14
5.00000000e+14
5.00000000e+14
5.00000000e+14
5.00000000e+14
5.00000000e+14
5.00000000e+14
5.00000001e+14
5.00000003e+14
5.00000014e+14
5.00000056e+14
5.00000204e+14
5.00000699e+14
5.00002251e+14
5.00006803e+14
5.00019305e+14
5.00051425e+14
5.00128596e+14
5.00301874e+14
5.00665229e+14
5.01376150e+14
5.02672445e+14
5.04871917e+14
5.08337567e+14
5.13394519e+14
5.20200549e+14
5.28598781e+14
5.38008451e+14
5.47419954e+14
5.55538018e+14
5.61061565e+14
5.63022232e+14
5.61061565e+14
5.55538018e+14
5.47419954e+14
5.38008451e+14
5.28598781e+14
5.20200549e+14
5.13394519e+14
5.08337567e+14
5.04871917e+14
5.02672445e+14
5.01376150e+14
5.00665229e+14
5.00301874e+14
5.00128596e+14
5.00051425e+14
5.00019305e+14
5.00006803e+14
5.00002251e+14
5.00000699e+14
5.00000204e+14
5.00000056e+14
5.00000014e+14
5.00000003e+14
5.00000001e+14
5.00000000e+14
5.00000000e+14
5.00000000e+14
5.00000000e+14
5.00000000e+14
5.00000000e+14
5.00000000e+14
5.00000000e+14
5.00000000e+14
5.00000000e+14
5.00000000e+14
5.00000000e+14
5.00000000e+14
5.00000000e+14
5.00000000e+14
5.00000000e+14
5.00000000e+14
5.00000000e+14
5.00000000e+14
5.00000000e+14
5.00000000e+14
5.00000000e+14
5.00000000e+14
5.00000000e+14
5.00000000e+14
5.00000000e+14
5.00000000e+14
5.00000001e+14
5.00000006e+14
5.00000023e+14
5.00000084e+14
5.00000288e+14
5.00000929e+14
5.00002808e+14
5.00007968e+14
5.00021225e+14
5.00053077e+14
5.00124595e+14
5.00274566e+14
5.00567992e+14
5.01103024e+14
5.02010833e+14
5.03441245e+14
5.05528449e+14
5.08337567e+14
5.11803851e+14
5.15687595e+14
5.19572095e+14
5.22922742e+14
5.25202529e+14
5.26011774e+14
5.25202529e+14
5.22922742e+14
5.19572095e+14
5.15687595e+14
5.11803851e+14
5.08337567e+14
5.05528449e+14
5.03441245e+14
5.02010833e+14
5.01103024e+14
5.00567992e+14
5.00274566e+14
5.00124595e+14
5.00053077e+14
5.00021225e+14
5.00007968e+14
5.00002808e+14
5.00000929e+14
5.00000288e+14
5.00000084e+14
5.00000023e+14
5.00000006e+14
5.00000001e+14
5.00000000e+14
5.00000000e+14
5.00000000e+14
5.00000000e+14
5.00000000e+14
5.00000000e+14
5.00000000e+14
5.00000000e+14
5.00000000e+14
5.00000000e+14
5.00000000e+14
5.00000000e+14
5.00000000e+14
5.00000000e+14
);

boundaryField
{
    electrode
    {
        type            zeroGradient;
        seec		0.0;
    }
    ground
    {
        type            zeroGradient;
	seec		0.0;
    }
    sides
    {
        type            symmetryPlane;
    }
    otherfaces
    {
        type            empty;
    }
}


// ************************************************************************* //
