He+ in He: Phelps, from the WarpX data repository (MCC_cross_sections/He), as used in the benchmark of Turner et al., Phys. Plasmas 20 (2013) 013507

ISOTROPIC
He+ / He
 1.000000e+00
COMMENT: isotropic part
COLUMNS: Energy (eV) | Cross section (m2)
-----------------------------
 1.000000e-04	7.630000e-18
 1.010000e-02	7.592130e-19
 2.010000e-02	5.381790e-19
 3.010000e-02	4.397860e-19
 4.010000e-02	3.810240e-19
 5.010000e-02	3.408830e-19
 6.010000e-02	3.112340e-19
 7.010000e-02	2.881810e-19
 8.010000e-02	2.695930e-19
 9.010000e-02	2.541920e-19
 1.001000e-01	2.411610e-19
 1.101000e-01	2.299490e-19
 1.201000e-01	2.201670e-19
 1.301000e-01	2.115370e-19
 1.401000e-01	2.038480e-19
 1.501000e-01	1.969400e-19
 1.601000e-01	1.906900e-19
 1.701000e-01	1.850000e-19
 1.801000e-01	1.797910e-19
 1.901000e-01	1.749980e-19
 2.001000e-01	1.705690e-19
 2.101000e-01	1.664610e-19
 2.201000e-01	1.626350e-19
 2.301000e-01	1.590620e-19
 2.401000e-01	1.557140e-19
 2.501000e-01	1.525690e-19
 2.601000e-01	1.496080e-19
 2.701000e-01	1.468120e-19
 2.801000e-01	1.441680e-19
 2.901000e-01	1.416610e-19
 3.001000e-01	1.392810e-19
 3.101000e-01	1.370170e-19
 3.201000e-01	1.348600e-19
 3.301000e-01	1.328010e-19
 3.401000e-01	1.308340e-19
 3.501000e-01	1.289520e-19
 3.601000e-01	1.271490e-19
 3.701000e-01	1.254190e-19
 3.801000e-01	1.237590e-19
 3.901000e-01	1.221620e-19
 4.001000e-01	1.206260e-19
 4.101000e-01	1.191460e-19
 4.201000e-01	1.177190e-19
 4.301000e-01	1.163430e-19
 4.401000e-01	1.150140e-19
 4.501000e-01	1.137290e-19
 4.601000e-01	1.124860e-19
 4.701000e-01	1.112830e-19
 4.801000e-01	1.101180e-19
 4.901000e-01	1.089890e-19
 5.001000e-01	1.078940e-19
 5.101000e-01	1.068310e-19
 5.201000e-01	1.057990e-19
 5.301000e-01	1.047960e-19
 5.401000e-01	1.038220e-19
 5.501000e-01	1.028740e-19
 5.601000e-01	1.019510e-19
 5.701000e-01	1.010530e-19
 5.801000e-01	1.001780e-19
 5.901000e-01	9.932570e-20
 6.001000e-01	9.849470e-20
 6.101000e-01	9.768410e-20
 6.201000e-01	9.689330e-20
 6.301000e-01	9.612130e-20
 6.401000e-01	9.536750e-20
 6.501000e-01	9.463120e-20
 6.601000e-01	9.391170e-20
 6.701000e-01	9.320830e-20
 6.801000e-01	9.252050e-20
 6.901000e-01	9.184780e-20
 7.001000e-01	9.118940e-20
 7.101000e-01	9.054510e-20
 7.201000e-01	8.991420e-20
 7.301000e-01	8.929630e-20
 7.401000e-01	8.869100e-20
 7.501000e-01	8.809780e-20
 7.601000e-01	8.751630e-20
 7.701000e-01	8.694630e-20
 7.801000e-01	8.638720e-20
 7.901000e-01	8.583880e-20
 8.001000e-01	8.530070e-20
 8.101000e-01	8.477250e-20
 8.201000e-01	8.425410e-20
 8.301000e-01	8.374510e-20
 8.401000e-01	8.324520e-20
 8.501000e-01	8.275410e-20
 8.601000e-01	8.227160e-20
 8.701000e-01	8.179750e-20
 8.801000e-01	8.133150e-20
 8.901000e-01	8.087330e-20
 9.001000e-01	8.042280e-20
 9.101000e-01	7.997970e-20
 9.201000e-01	7.954390e-20
 9.301000e-01	7.911520e-20
 9.401000e-01	7.869330e-20
 9.501000e-01	7.827800e-20
 9.601000e-01	7.786930e-20
 9.701000e-01	7.746690e-20
 9.801000e-01	7.707070e-20
 9.901000e-01	7.668050e-20
 1.000100e+00	7.629620e-20
 1.010100e+00	7.591760e-20
 1.020100e+00	7.554460e-20
 1.030100e+00	7.517700e-20
 1.040100e+00	7.481470e-20
 1.050100e+00	7.445760e-20
 1.060100e+00	7.410560e-20
 1.070100e+00	7.375850e-20
 1.080100e+00	7.341630e-20
 1.090100e+00	7.307880e-20
 1.100100e+00	7.274590e-20
 1.110100e+00	7.241750e-20
 1.120100e+00	7.209350e-20
 1.130100e+00	7.177380e-20
 1.140100e+00	7.145840e-20
 1.150100e+00	7.114700e-20
 1.160100e+00	7.083970e-20
 1.170100e+00	7.053640e-20
 1.180100e+00	7.023690e-20
 1.190100e+00	6.994120e-20
 1.200100e+00	6.964910e-20
 1.210100e+00	6.936080e-20
 1.220100e+00	6.907590e-20
 1.230100e+00	6.879460e-20
 1.240100e+00	6.851670e-20
 1.250100e+00	6.824210e-20
 1.260100e+00	6.797070e-20
 1.270100e+00	6.770260e-20
 1.280100e+00	6.743770e-20
 1.290100e+00	6.717580e-20
 1.300100e+00	6.691700e-20
 1.310100e+00	6.666110e-20
 1.320100e+00	6.640810e-20
 1.330100e+00	6.615800e-20
 1.340100e+00	6.591070e-20
 1.350100e+00	6.566620e-20
 1.360100e+00	6.542430e-20
 1.370100e+00	6.518510e-20
 1.380100e+00	6.494850e-20
 1.390100e+00	6.471450e-20
 1.400100e+00	6.448300e-20
 1.410100e+00	6.425390e-20
 1.420100e+00	6.402730e-20
 1.430100e+00	6.380300e-20
 1.440100e+00	6.358110e-20
 1.450100e+00	6.336150e-20
 1.460100e+00	6.314420e-20
 1.470100e+00	6.292900e-20
 1.480100e+00	6.271610e-20
 1.490100e+00	6.250530e-20
 1.500100e+00	6.229660e-20
 1.510100e+00	6.209000e-20
 1.520100e+00	6.188540e-20
 1.530100e+00	6.168290e-20
 1.540100e+00	6.148230e-20
 1.550100e+00	6.128370e-20
 1.560100e+00	6.108690e-20
 1.570100e+00	6.089210e-20
 1.580100e+00	6.069910e-20
 1.590100e+00	6.050790e-20
 1.600100e+00	6.031860e-20
 1.610100e+00	6.013100e-20
 1.620100e+00	5.994510e-20
 1.630100e+00	5.976090e-20
 1.640100e+00	5.957850e-20
 1.650100e+00	5.939770e-20
 1.660100e+00	5.921850e-20
 1.670100e+00	5.904090e-20
 1.680100e+00	5.886500e-20
 1.690100e+00	5.869060e-20
 1.700100e+00	5.851770e-20
 1.710100e+00	5.834640e-20
 1.720100e+00	5.817650e-20
 1.730100e+00	5.800810e-20
 1.740100e+00	5.784120e-20
 1.750100e+00	5.767570e-20
 1.760100e+00	5.751170e-20
 1.770100e+00	5.734900e-20
 1.780100e+00	5.718770e-20
 1.790100e+00	5.702770e-20
 1.800100e+00	5.686910e-20
 1.810100e+00	5.671180e-20
 1.820100e+00	5.655580e-20
 1.830100e+00	5.640100e-20
 1.840100e+00	5.624760e-20
 1.850100e+00	5.609540e-20
 1.860100e+00	5.594440e-20
 1.870100e+00	5.579460e-20
 1.880100e+00	5.564600e-20
 1.890100e+00	5.549860e-20
 1.900100e+00	5.535240e-20
 1.910100e+00	5.520730e-20
 1.920100e+00	5.506330e-20
 1.930100e+00	5.492050e-20
 1.940100e+00	5.477880e-20
 1.950100e+00	5.463820e-20
 1.960100e+00	5.449860e-20
 1.970100e+00	5.436010e-20
 1.980100e+00	5.422270e-20
 1.990100e+00	5.408630e-20
 2.000100e+00	5.395090e-20
 2.030100e+00	5.355080e-20
 2.060100e+00	5.315940e-20
 2.100100e+00	5.265070e-20
 2.130100e+00	5.227870e-20
 2.160100e+00	5.191440e-20
 2.200100e+00	5.144030e-20
 2.240100e+00	5.097890e-20
 2.270100e+00	5.064100e-20
 2.310100e+00	5.020060e-20
 2.350100e+00	4.977160e-20
 2.380100e+00	4.945690e-20
 2.420100e+00	4.904650e-20
 2.460100e+00	4.864610e-20
 2.500100e+00	4.825540e-20
 2.540100e+00	4.787390e-20
 2.580100e+00	4.750140e-20
 2.630100e+00	4.704770e-20
 2.670100e+00	4.669400e-20
 2.710100e+00	4.634810e-20
 2.760100e+00	4.592640e-20
 2.800100e+00	4.559720e-20
 2.850100e+00	4.519540e-20
 2.890100e+00	4.488160e-20
 2.940100e+00	4.449830e-20
 2.990100e+00	4.412470e-20
 3.030100e+00	4.383250e-20
 3.080100e+00	4.347530e-20
 3.130100e+00	4.312660e-20
 3.180100e+00	4.278620e-20
 3.240100e+00	4.238820e-20
 3.290100e+00	4.206490e-20
 3.340100e+00	4.174890e-20
 3.400100e+00	4.137890e-20
 3.450100e+00	4.107790e-20
 3.510100e+00	4.072530e-20
 3.560100e+00	4.043840e-20
 3.620100e+00	4.010180e-20
 3.680100e+00	3.977360e-20
 3.740100e+00	3.945330e-20
 3.800100e+00	3.914060e-20
 3.860100e+00	3.883520e-20
 3.930100e+00	3.848780e-20
 3.990100e+00	3.819730e-20
 4.050100e+00	3.791330e-20
 4.120100e+00	3.758990e-20
 4.190100e+00	3.727450e-20
 4.250100e+00	3.701050e-20
 4.320100e+00	3.670940e-20
 4.390100e+00	3.641560e-20
 4.460100e+00	3.612870e-20
 4.540100e+00	3.580900e-20
 4.610100e+00	3.553610e-20
 4.680100e+00	3.526930e-20
 4.760100e+00	3.497170e-20
 4.840100e+00	3.468150e-20
 4.920100e+00	3.439830e-20
 5.000100e+00	3.412210e-20
 5.080100e+00	3.385230e-20
 5.160100e+00	3.358890e-20
 5.240100e+00	3.333150e-20
 5.330100e+00	3.304890e-20
 5.410100e+00	3.280360e-20
 5.500100e+00	3.253410e-20
 5.590100e+00	3.227120e-20
 5.680100e+00	3.201450e-20
 5.770100e+00	3.176380e-20
 5.870100e+00	3.149210e-20
 5.960100e+00	3.125340e-20
 6.060100e+00	3.099450e-20
 6.160100e+00	3.074190e-20
 6.260100e+00	3.049540e-20
 6.360100e+00	3.025470e-20
 6.460100e+00	3.001960e-20
 6.570100e+00	2.976720e-20
 6.670100e+00	2.954330e-20
 6.780100e+00	2.930260e-20
 6.890100e+00	2.906780e-20
 7.000100e+00	2.883850e-20
 7.120100e+00	2.859440e-20
 7.230100e+00	2.837610e-20
 7.350100e+00	2.814350e-20
 7.470100e+00	2.791650e-20
 7.590100e+00	2.769500e-20
 7.710100e+00	2.747860e-20
 7.840100e+00	2.724980e-20
 7.960100e+00	2.704360e-20
 8.090100e+00	2.682550e-20
 8.220100e+00	2.661250e-20
 8.360100e+00	2.638870e-20
 8.490100e+00	2.618590e-20
 8.630100e+00	2.597270e-20
 8.770100e+00	2.576450e-20
 8.910100e+00	2.556130e-20
 9.050100e+00	2.536280e-20
 9.200100e+00	2.515520e-20
 9.350100e+00	2.495260e-20
 9.500100e+00	2.475490e-20
 9.660100e+00	2.454900e-20
 9.810100e+00	2.436060e-20
 9.970100e+00	2.416430e-20
 1.013010e+01	2.397270e-20
 1.030010e+01	2.377410e-20
 1.046010e+01	2.359160e-20
 1.063010e+01	2.340220e-20
 1.081010e+01	2.320650e-20
 1.098010e+01	2.302620e-20
 1.116010e+01	2.283970e-20
 1.134010e+01	2.265770e-20
 1.152010e+01	2.248000e-20
 1.171010e+01	2.229690e-20
 1.190010e+01	2.211820e-20
 1.209010e+01	2.194370e-20
 1.229010e+01	2.176440e-20
 1.249010e+01	2.158950e-20
 1.269010e+01	2.141860e-20
 1.289010e+01	2.125180e-20
 1.310010e+01	2.108080e-20
 1.331010e+01	2.091380e-20
 1.353010e+01	2.074310e-20
 1.375010e+01	2.057650e-20
 1.397010e+01	2.041380e-20
 1.420010e+01	2.024780e-20
 1.443010e+01	2.008580e-20
 1.466010e+01	1.992760e-20
 1.490010e+01	1.976650e-20
 1.514010e+01	1.960920e-20
 1.539010e+01	1.944930e-20
 1.564010e+01	1.929320e-20
 1.589010e+01	1.914090e-20
 1.615010e+01	1.898620e-20
 1.641010e+01	1.883510e-20
 1.667010e+01	1.868770e-20
 1.694010e+01	1.853820e-20
 1.722010e+01	1.838680e-20
 1.750010e+01	1.823910e-20
 1.778010e+01	1.809500e-20
 1.807010e+01	1.794920e-20
 1.836010e+01	1.780680e-20
 1.866010e+01	1.766310e-20
 1.896010e+01	1.752280e-20
 1.927010e+01	1.738130e-20
 1.958010e+01	1.724320e-20
 1.990010e+01	1.710400e-20
 2.022010e+01	1.696810e-20
 2.054010e+01	1.683540e-20
 2.088010e+01	1.669780e-20
 2.122010e+01	1.656350e-20
 2.156010e+01	1.643230e-20
 2.191010e+01	1.630060e-20
 2.226010e+01	1.617190e-20
 2.262010e+01	1.604270e-20
 2.299010e+01	1.591310e-20
 2.336010e+01	1.578650e-20
 2.374010e+01	1.565970e-20
 2.412010e+01	1.553580e-20
 2.452010e+01	1.540860e-20
 2.491010e+01	1.528750e-20
 2.532010e+01	1.516320e-20
 2.573010e+01	1.504190e-20
 2.614010e+01	1.492350e-20
 2.657010e+01	1.480230e-20
 2.700010e+01	1.468390e-20
 2.743010e+01	1.456840e-20
 2.788010e+01	1.445030e-20
 2.833010e+01	1.433510e-20
 2.879010e+01	1.422010e-20
 2.925010e+01	1.410790e-20
 2.973010e+01	1.399350e-20
 3.021010e+01	1.388190e-20
 3.070010e+01	1.377070e-20
 3.119010e+01	1.366210e-20
 3.170010e+01	1.355170e-20
 3.221010e+01	1.344400e-20
 3.273010e+01	1.333680e-20
 3.326010e+01	1.323010e-20
 3.380010e+01	1.312400e-20
 3.435010e+01	1.301850e-20
 3.491010e+01	1.291360e-20
 3.547010e+01	1.281130e-20
 3.605010e+01	1.270780e-20
 3.663010e+01	1.260680e-20
 3.722010e+01	1.250650e-20
 3.782010e+01	1.240690e-20
 3.844010e+01	1.230640e-20
 3.906010e+01	1.220840e-20
 3.969010e+01	1.211110e-20
 4.033010e+01	1.201460e-20
 4.099010e+01	1.191750e-20
 4.165010e+01	1.182270e-20
 4.233010e+01	1.172740e-20
 4.301010e+01	1.163430e-20
 4.371010e+01	1.154070e-20
 4.441010e+01	1.144940e-20
 4.513010e+01	1.135770e-20
 4.586010e+01	1.126700e-20
 4.661010e+01	1.117600e-20
 4.736010e+01	1.108710e-20
 4.813010e+01	1.099810e-20
 4.891010e+01	1.091000e-20
 4.970010e+01	1.082300e-20
 5.050010e+01	1.073690e-20
 5.132010e+01	1.065080e-20
 5.215010e+01	1.056570e-20
 5.300010e+01	1.048060e-20
 5.385010e+01	1.039760e-20
 5.473010e+01	1.031360e-20
 5.561010e+01	1.023170e-20
 5.651010e+01	1.014990e-20
 5.743010e+01	1.006830e-20
 5.836010e+01	9.987720e-21
 5.930010e+01	9.908250e-21
 6.026010e+01	9.829010e-21
 6.124010e+01	9.750040e-21
 6.223010e+01	9.672180e-21
 6.324010e+01	9.594630e-21
 6.426010e+01	9.518180e-21
 6.530010e+01	9.442080e-21
 6.636010e+01	9.366360e-21
 6.743010e+01	9.291750e-21
 6.852010e+01	9.217550e-21
 6.963010e+01	9.143790e-21
 7.076010e+01	9.070480e-21
 7.191010e+01	8.997660e-21
 7.307010e+01	8.925950e-21
 7.425010e+01	8.854740e-21
 7.546010e+01	8.783460e-21
 7.668010e+01	8.713310e-21
 7.792010e+01	8.643700e-21
 7.918010e+01	8.574650e-21
 8.046010e+01	8.506170e-21
 8.177010e+01	8.437760e-21
 8.309010e+01	8.370470e-21
 8.443010e+01	8.303780e-21
 8.580010e+01	8.237220e-21
 8.719010e+01	8.171300e-21
 8.860010e+01	8.106020e-21
 9.004010e+01	8.040940e-21
 9.149010e+01	7.976960e-21
 9.298010e+01	7.912790e-21
 9.448010e+01	7.849720e-21
 9.601010e+01	7.786930e-21
 9.756010e+01	7.724820e-21
 9.914010e+01	7.663020e-21
 1.007500e+02	7.601540e-21
 1.023800e+02	7.540790e-21
 1.040400e+02	7.480390e-21
 1.057200e+02	7.420720e-21
 1.074300e+02	7.361420e-21
 1.091700e+02	7.302520e-21
 1.109400e+02	7.244030e-21
 1.127400e+02	7.185970e-21
 1.145600e+02	7.128660e-21
 1.164200e+02	7.071480e-21
 1.183000e+02	7.015070e-21
 1.202200e+02	6.958830e-21
 1.221600e+02	6.903350e-21
 1.241400e+02	6.848070e-21
 1.261500e+02	6.793300e-21
 1.281900e+02	6.739030e-21
 1.302700e+02	6.685010e-21
 1.323800e+02	6.631520e-21
 1.345200e+02	6.578560e-21
 1.367000e+02	6.525900e-21
 1.389100e+02	6.473780e-21
 1.411600e+02	6.421970e-21
 1.434400e+02	6.370730e-21
 1.457700e+02	6.319610e-21
 1.481300e+02	6.269070e-21
 1.505200e+02	6.219100e-21
 1.529600e+02	6.169290e-21
 1.554400e+02	6.119880e-21
 1.579500e+02	6.071060e-21
 1.605100e+02	6.022450e-21
 1.631100e+02	5.974260e-21
 1.657500e+02	5.926490e-21
 1.684300e+02	5.879150e-21
 1.711600e+02	5.832080e-21
 1.739300e+02	5.785450e-21
 1.767500e+02	5.739110e-21
 1.796100e+02	5.693240e-21
 1.825200e+02	5.647670e-21
 1.854700e+02	5.602570e-21
 1.884700e+02	5.557810e-21
 1.915300e+02	5.513230e-21
 1.946300e+02	5.469150e-21
 1.977800e+02	5.425420e-21
 2.009800e+02	5.382050e-21
 2.042300e+02	5.339060e-21
 2.075400e+02	5.296310e-21
 2.109000e+02	5.253950e-21
 2.143100e+02	5.211990e-21
 2.177800e+02	5.170300e-21
 2.213100e+02	5.128900e-21
 2.248900e+02	5.087910e-21
 2.285300e+02	5.047230e-21
 2.322300e+02	5.006860e-21
 2.359900e+02	4.966810e-21
 2.398100e+02	4.927090e-21
 2.436900e+02	4.887710e-21
 2.476400e+02	4.848570e-21
 2.516500e+02	4.809790e-21
 2.557200e+02	4.771360e-21
 2.598600e+02	4.733200e-21
 2.640700e+02	4.695320e-21
 2.683400e+02	4.657810e-21
 2.726900e+02	4.620510e-21
 2.771000e+02	4.583590e-21
 2.815900e+02	4.546900e-21
 2.861500e+02	4.510530e-21
 2.907800e+02	4.474480e-21
 2.954900e+02	4.438670e-21
 3.002700e+02	4.403200e-21
 3.051300e+02	4.367990e-21
 3.100700e+02	4.333060e-21
 3.150900e+02	4.298400e-21
 3.201900e+02	4.264030e-21
 3.253700e+02	4.229950e-21
 3.306400e+02	4.196110e-21
 3.359900e+02	4.162570e-21
 3.414300e+02	4.129270e-21
 3.469600e+02	4.096230e-21
 3.525800e+02	4.063460e-21
 3.582900e+02	4.030950e-21
 3.640900e+02	3.998710e-21
 3.699800e+02	3.966750e-21
 3.759700e+02	3.935030e-21
 3.820600e+02	3.903540e-21
 3.882400e+02	3.872350e-21
 3.945300e+02	3.841360e-21
 4.009100e+02	3.810670e-21
 4.074000e+02	3.780190e-21
 4.140000e+02	3.749940e-21
 4.207000e+02	3.719960e-21
 4.275100e+02	3.690210e-21
 4.344300e+02	3.660700e-21
 4.414700e+02	3.631400e-21
 4.486100e+02	3.602380e-21
 4.558800e+02	3.573540e-21
 4.632600e+02	3.544970e-21
 4.707600e+02	3.516610e-21
 4.783800e+02	3.488490e-21
 4.861200e+02	3.460610e-21
 4.939900e+02	3.432930e-21
 5.019900e+02	3.405470e-21
 5.101100e+02	3.378260e-21
 5.183700e+02	3.351230e-21
 5.267600e+02	3.324440e-21
 5.352900e+02	3.297840e-21
 5.439600e+02	3.271460e-21
 5.527600e+02	3.245310e-21
 5.617100e+02	3.219350e-21
 5.708100e+02	3.193590e-21
 5.800500e+02	3.168050e-21
 5.894400e+02	3.142710e-21
 5.989800e+02	3.117590e-21
 6.086800e+02	3.092640e-21
 6.185300e+02	3.067920e-21
 6.285400e+02	3.043390e-21
 6.387200e+02	3.019040e-21
 6.490600e+02	2.994900e-21
 6.595600e+02	2.970960e-21
 6.702400e+02	2.947200e-21
 6.810900e+02	2.923630e-21
 6.921200e+02	2.900240e-21
 7.033200e+02	2.877050e-21
 7.147100e+02	2.854040e-21
 7.262800e+02	2.831210e-21
 7.380400e+02	2.808570e-21
 7.499900e+02	2.786100e-21
-----------------------------

BACKSCAT
He+ / He
 1.000000e+00
COMMENT: backward part
COLUMNS: Energy (eV) | Cross section (m2)
-----------------------------
 1.000000e-04	2.213880e-19
 1.010000e-02	2.213210e-19
 2.010000e-02	2.212540e-19
 3.010000e-02	2.211870e-19
 4.010000e-02	2.211210e-19
 5.010000e-02	2.210550e-19
 6.010000e-02	2.209880e-19
 7.010000e-02	2.209220e-19
 8.010000e-02	2.208570e-19
 9.010000e-02	2.207910e-19
 1.001000e-01	2.207250e-19
 1.101000e-01	2.206600e-19
 1.201000e-01	2.205950e-19
 1.301000e-01	2.205300e-19
 1.401000e-01	2.204650e-19
 1.501000e-01	2.204000e-19
 1.601000e-01	2.203350e-19
 1.701000e-01	2.202710e-19
 1.801000e-01	2.202060e-19
 1.901000e-01	2.201420e-19
 2.001000e-01	2.200780e-19
 2.101000e-01	2.200140e-19
 2.201000e-01	2.199500e-19
 2.301000e-01	2.198860e-19
 2.401000e-01	2.198230e-19
 2.501000e-01	2.197600e-19
 2.601000e-01	2.196960e-19
 2.701000e-01	2.196330e-19
 2.801000e-01	2.195700e-19
 2.901000e-01	2.195070e-19
 3.001000e-01	2.194450e-19
 3.101000e-01	2.193820e-19
 3.201000e-01	2.193200e-19
 3.301000e-01	2.192570e-19
 3.401000e-01	2.191950e-19
 3.501000e-01	2.191330e-19
 3.601000e-01	2.190710e-19
 3.701000e-01	2.190090e-19
 3.801000e-01	2.189480e-19
 3.901000e-01	2.188860e-19
 4.001000e-01	2.188250e-19
 4.101000e-01	2.187630e-19
 4.201000e-01	2.187020e-19
 4.301000e-01	2.186410e-19
 4.401000e-01	2.185800e-19
 4.501000e-01	2.185200e-19
 4.601000e-01	2.184590e-19
 4.701000e-01	2.183990e-19
 4.801000e-01	2.183380e-19
 4.901000e-01	2.182780e-19
 5.001000e-01	2.182180e-19
 5.101000e-01	2.181580e-19
 5.201000e-01	2.180980e-19
 5.301000e-01	2.180380e-19
 5.401000e-01	2.179790e-19
 5.501000e-01	2.179190e-19
 5.601000e-01	2.178600e-19
 5.701000e-01	2.178000e-19
 5.801000e-01	2.177410e-19
 5.901000e-01	2.176820e-19
 6.001000e-01	2.176230e-19
 6.101000e-01	2.175650e-19
 6.201000e-01	2.175060e-19
 6.301000e-01	2.174470e-19
 6.401000e-01	2.173890e-19
 6.501000e-01	2.173310e-19
 6.601000e-01	2.172720e-19
 6.701000e-01	2.172140e-19
 6.801000e-01	2.171560e-19
 6.901000e-01	2.170990e-19
 7.001000e-01	2.170410e-19
 7.101000e-01	2.169830e-19
 7.201000e-01	2.169260e-19
 7.301000e-01	2.168680e-19
 7.401000e-01	2.168110e-19
 7.501000e-01	2.167540e-19
 7.601000e-01	2.166970e-19
 7.701000e-01	2.166400e-19
 7.801000e-01	2.165830e-19
 7.901000e-01	2.165270e-19
 8.001000e-01	2.164700e-19
 8.101000e-01	2.164140e-19
 8.201000e-01	2.163570e-19
 8.301000e-01	2.163010e-19
 8.401000e-01	2.162450e-19
 8.501000e-01	2.161890e-19
 8.601000e-01	2.161330e-19
 8.701000e-01	2.160770e-19
 8.801000e-01	2.160210e-19
 8.901000e-01	2.159660e-19
 9.001000e-01	2.159100e-19
 9.101000e-01	2.158550e-19
 9.201000e-01	2.158000e-19
 9.301000e-01	2.157450e-19
 9.401000e-01	2.156890e-19
 9.501000e-01	2.156350e-19
 9.601000e-01	2.155800e-19
 9.701000e-01	2.155250e-19
 9.801000e-01	2.154700e-19
 9.901000e-01	2.154160e-19
 1.000100e+00	2.153610e-19
 1.010100e+00	2.153070e-19
 1.020100e+00	2.152530e-19
 1.030100e+00	2.151990e-19
 1.040100e+00	2.151450e-19
 1.050100e+00	2.150910e-19
 1.060100e+00	2.150370e-19
 1.070100e+00	2.149830e-19
 1.080100e+00	2.149300e-19
 1.090100e+00	2.148760e-19
 1.100100e+00	2.148230e-19
 1.110100e+00	2.147690e-19
 1.120100e+00	2.147160e-19
 1.130100e+00	2.146630e-19
 1.140100e+00	2.146100e-19
 1.150100e+00	2.145570e-19
 1.160100e+00	2.145040e-19
 1.170100e+00	2.144520e-19
 1.180100e+00	2.143990e-19
 1.190100e+00	2.143460e-19
 1.200100e+00	2.142940e-19
 1.210100e+00	2.142420e-19
 1.220100e+00	2.141890e-19
 1.230100e+00	2.141370e-19
 1.240100e+00	2.140850e-19
 1.250100e+00	2.140330e-19
 1.260100e+00	2.139810e-19
 1.270100e+00	2.139300e-19
 1.280100e+00	2.138780e-19
 1.290100e+00	2.138260e-19
 1.300100e+00	2.137750e-19
 1.310100e+00	2.137240e-19
 1.320100e+00	2.136720e-19
 1.330100e+00	2.136210e-19
 1.340100e+00	2.135700e-19
 1.350100e+00	2.135190e-19
 1.360100e+00	2.134680e-19
 1.370100e+00	2.134170e-19
 1.380100e+00	2.133660e-19
 1.390100e+00	2.133160e-19
 1.400100e+00	2.132650e-19
 1.410100e+00	2.132150e-19
 1.420100e+00	2.131640e-19
 1.430100e+00	2.131140e-19
 1.440100e+00	2.130640e-19
 1.450100e+00	2.130140e-19
 1.460100e+00	2.129640e-19
 1.470100e+00	2.129140e-19
 1.480100e+00	2.128640e-19
 1.490100e+00	2.128140e-19
 1.500100e+00	2.127650e-19
 1.510100e+00	2.127150e-19
 1.520100e+00	2.126650e-19
 1.530100e+00	2.126160e-19
 1.540100e+00	2.125670e-19
 1.550100e+00	2.125170e-19
 1.560100e+00	2.124680e-19
 1.570100e+00	2.124190e-19
 1.580100e+00	2.123700e-19
 1.590100e+00	2.123210e-19
 1.600100e+00	2.122730e-19
 1.610100e+00	2.122240e-19
 1.620100e+00	2.121750e-19
 1.630100e+00	2.121270e-19
 1.640100e+00	2.120780e-19
 1.650100e+00	2.120300e-19
 1.660100e+00	2.119810e-19
 1.670100e+00	2.119330e-19
 1.680100e+00	2.118850e-19
 1.690100e+00	2.118370e-19
 1.700100e+00	2.117890e-19
 1.710100e+00	2.117410e-19
 1.720100e+00	2.116930e-19
 1.730100e+00	2.116460e-19
 1.740100e+00	2.115980e-19
 1.750100e+00	2.115500e-19
 1.760100e+00	2.115030e-19
 1.770100e+00	2.114550e-19
 1.780100e+00	2.114080e-19
 1.790100e+00	2.113610e-19
 1.800100e+00	2.113140e-19
 1.810100e+00	2.112660e-19
 1.820100e+00	2.112190e-19
 1.830100e+00	2.111730e-19
 1.840100e+00	2.111260e-19
 1.850100e+00	2.110790e-19
 1.860100e+00	2.110320e-19
 1.870100e+00	2.109860e-19
 1.880100e+00	2.109390e-19
 1.890100e+00	2.108930e-19
 1.900100e+00	2.108460e-19
 1.910100e+00	2.108000e-19
 1.920100e+00	2.107540e-19
 1.930100e+00	2.107070e-19
 1.940100e+00	2.106610e-19
 1.950100e+00	2.106150e-19
 1.960100e+00	2.105690e-19
 1.970100e+00	2.105230e-19
 1.980100e+00	2.104780e-19
 1.990100e+00	2.104320e-19
 2.000100e+00	2.103860e-19
 2.030100e+00	2.102500e-19
 2.060100e+00	2.101140e-19
 2.100100e+00	2.099340e-19
 2.130100e+00	2.098000e-19
 2.160100e+00	2.096660e-19
 2.200100e+00	2.094890e-19
 2.240100e+00	2.093130e-19
 2.270100e+00	2.091810e-19
 2.310100e+00	2.090070e-19
 2.350100e+00	2.088340e-19
 2.380100e+00	2.087050e-19
 2.420100e+00	2.085340e-19
 2.460100e+00	2.083630e-19
 2.500100e+00	2.081940e-19
 2.540100e+00	2.080260e-19
 2.580100e+00	2.078590e-19
 2.630100e+00	2.076520e-19
 2.670100e+00	2.074870e-19
 2.710100e+00	2.073230e-19
 2.760100e+00	2.071190e-19
 2.800100e+00	2.069580e-19
 2.850100e+00	2.067570e-19
 2.890100e+00	2.065970e-19
 2.940100e+00	2.063990e-19
 2.990100e+00	2.062020e-19
 3.030100e+00	2.060460e-19
 3.080100e+00	2.058510e-19
 3.130100e+00	2.056580e-19
 3.180100e+00	2.054670e-19
 3.240100e+00	2.052390e-19
 3.290100e+00	2.050500e-19
 3.340100e+00	2.048620e-19
 3.400100e+00	2.046390e-19
 3.450100e+00	2.044550e-19
 3.510100e+00	2.042350e-19
 3.560100e+00	2.040530e-19
 3.620100e+00	2.038360e-19
 3.680100e+00	2.036210e-19
 3.740100e+00	2.034080e-19
 3.800100e+00	2.031960e-19
 3.860100e+00	2.029860e-19
 3.930100e+00	2.027430e-19
 3.990100e+00	2.025360e-19
 4.050100e+00	2.023310e-19
 4.120100e+00	2.020940e-19
 4.190100e+00	2.018590e-19
 4.250100e+00	2.016590e-19
 4.320100e+00	2.014280e-19
 4.390100e+00	2.011980e-19
 4.460100e+00	2.009710e-19
 4.540100e+00	2.007130e-19
 4.610100e+00	2.004890e-19
 4.680100e+00	2.002680e-19
 4.760100e+00	2.000170e-19
 4.840100e+00	1.997680e-19
 4.920100e+00	1.995220e-19
 5.000100e+00	1.992770e-19
 5.080100e+00	1.990350e-19
 5.160100e+00	1.987950e-19
 5.240100e+00	1.985580e-19
 5.330100e+00	1.982930e-19
 5.410100e+00	1.980600e-19
 5.500100e+00	1.978000e-19
 5.590100e+00	1.975420e-19
 5.680100e+00	1.972870e-19
 5.770100e+00	1.970350e-19
 5.870100e+00	1.967570e-19
 5.960100e+00	1.965090e-19
 6.060100e+00	1.962370e-19
 6.160100e+00	1.959670e-19
 6.260100e+00	1.957000e-19
 6.360100e+00	1.954360e-19
 6.460100e+00	1.951740e-19
 6.570100e+00	1.948890e-19
 6.670100e+00	1.946330e-19
 6.780100e+00	1.943540e-19
 6.890100e+00	1.940780e-19
 7.000100e+00	1.938050e-19
 7.120100e+00	1.935100e-19
 7.230100e+00	1.932430e-19
 7.350100e+00	1.929540e-19
 7.470100e+00	1.926690e-19
 7.590100e+00	1.923870e-19
 7.710100e+00	1.921070e-19
 7.840100e+00	1.918080e-19
 7.960100e+00	1.915350e-19
 8.090100e+00	1.912420e-19
 8.220100e+00	1.909530e-19
 8.360100e+00	1.906450e-19
 8.490100e+00	1.903620e-19
 8.630100e+00	1.900610e-19
 8.770100e+00	1.897630e-19
 8.910100e+00	1.894690e-19
 9.050100e+00	1.891780e-19
 9.200100e+00	1.888700e-19
 9.350100e+00	1.885650e-19
 9.500100e+00	1.882640e-19
 9.660100e+00	1.879470e-19
 9.810100e+00	1.876530e-19
 9.970100e+00	1.873440e-19
 1.013010e+01	1.870380e-19
 1.030010e+01	1.867170e-19
 1.046010e+01	1.864180e-19
 1.063010e+01	1.861050e-19
 1.081010e+01	1.857770e-19
 1.098010e+01	1.854720e-19
 1.116010e+01	1.851520e-19
 1.134010e+01	1.848360e-19
 1.152010e+01	1.845250e-19
 1.171010e+01	1.842000e-19
 1.190010e+01	1.838790e-19
 1.209010e+01	1.835620e-19
 1.229010e+01	1.832330e-19
 1.249010e+01	1.829080e-19
 1.269010e+01	1.825880e-19
 1.289010e+01	1.822710e-19
 1.310010e+01	1.819430e-19
 1.331010e+01	1.816190e-19
 1.353010e+01	1.812840e-19
 1.375010e+01	1.809530e-19
 1.397010e+01	1.806270e-19
 1.420010e+01	1.802910e-19
 1.443010e+01	1.799590e-19
 1.466010e+01	1.796310e-19
 1.490010e+01	1.792940e-19
 1.514010e+01	1.789610e-19
 1.539010e+01	1.786190e-19
 1.564010e+01	1.782820e-19
 1.589010e+01	1.779500e-19
 1.615010e+01	1.776080e-19
 1.641010e+01	1.772720e-19
 1.667010e+01	1.769400e-19
 1.694010e+01	1.766000e-19
 1.722010e+01	1.762520e-19
 1.750010e+01	1.759090e-19
 1.778010e+01	1.755710e-19
 1.807010e+01	1.752260e-19
 1.836010e+01	1.748850e-19
 1.866010e+01	1.745380e-19
 1.896010e+01	1.741960e-19
 1.927010e+01	1.738470e-19
 1.958010e+01	1.735030e-19
 1.990010e+01	1.731530e-19
 2.022010e+01	1.728080e-19
 2.054010e+01	1.724680e-19
 2.088010e+01	1.721120e-19
 2.122010e+01	1.717610e-19
 2.156010e+01	1.714150e-19
 2.191010e+01	1.710640e-19
 2.226010e+01	1.707180e-19
 2.262010e+01	1.703680e-19
 2.299010e+01	1.700130e-19
 2.336010e+01	1.696630e-19
 2.374010e+01	1.693090e-19
 2.412010e+01	1.689600e-19
 2.452010e+01	1.685980e-19
 2.491010e+01	1.682500e-19
 2.532010e+01	1.678900e-19
 2.573010e+01	1.675360e-19
 2.614010e+01	1.671860e-19
 2.657010e+01	1.668250e-19
 2.700010e+01	1.664700e-19
 2.743010e+01	1.661190e-19
 2.788010e+01	1.657580e-19
 2.833010e+01	1.654020e-19
 2.879010e+01	1.650440e-19
 2.925010e+01	1.646910e-19
 2.973010e+01	1.643290e-19
 3.021010e+01	1.639720e-19
 3.070010e+01	1.636130e-19
 3.119010e+01	1.632590e-19
 3.170010e+01	1.628960e-19
 3.221010e+01	1.625390e-19
 3.273010e+01	1.621810e-19
 3.326010e+01	1.618210e-19
 3.380010e+01	1.614600e-19
 3.435010e+01	1.610980e-19
 3.491010e+01	1.607360e-19
 3.547010e+01	1.603780e-19
 3.605010e+01	1.600140e-19
 3.663010e+01	1.596550e-19
 3.722010e+01	1.592960e-19
 3.782010e+01	1.589360e-19
 3.844010e+01	1.585700e-19
 3.906010e+01	1.582100e-19
 3.969010e+01	1.578490e-19
 4.033010e+01	1.574890e-19
 4.099010e+01	1.571230e-19
 4.165010e+01	1.567620e-19
 4.233010e+01	1.563970e-19
 4.301010e+01	1.560370e-19
 4.371010e+01	1.556730e-19
 4.441010e+01	1.553140e-19
 4.513010e+01	1.549500e-19
 4.586010e+01	1.545880e-19
 4.661010e+01	1.542210e-19
 4.736010e+01	1.538600e-19
 4.813010e+01	1.534950e-19
 4.891010e+01	1.531320e-19
 4.970010e+01	1.527690e-19
 5.050010e+01	1.524080e-19
 5.132010e+01	1.520430e-19
 5.215010e+01	1.516800e-19
 5.300010e+01	1.513140e-19
 5.385010e+01	1.509540e-19
 5.473010e+01	1.505860e-19
 5.561010e+01	1.502250e-19
 5.651010e+01	1.498610e-19
 5.743010e+01	1.494950e-19
 5.836010e+01	1.491310e-19
 5.930010e+01	1.487690e-19
 6.026010e+01	1.484050e-19
 6.124010e+01	1.480400e-19
 6.223010e+01	1.476760e-19
 6.324010e+01	1.473110e-19
 6.426010e+01	1.469490e-19
 6.530010e+01	1.465850e-19
 6.636010e+01	1.462200e-19
 6.743010e+01	1.458570e-19
 6.852010e+01	1.454930e-19
 6.963010e+01	1.451290e-19
 7.076010e+01	1.447640e-19
 7.191010e+01	1.443990e-19
 7.307010e+01	1.440360e-19
 7.425010e+01	1.436730e-19
 7.546010e+01	1.433060e-19
 7.668010e+01	1.429420e-19
 7.792010e+01	1.425790e-19
 7.918010e+01	1.422150e-19
 8.046010e+01	1.418510e-19
 8.177010e+01	1.414850e-19
 8.309010e+01	1.411220e-19
 8.443010e+01	1.407590e-19
 8.580010e+01	1.403940e-19
 8.719010e+01	1.400300e-19
 8.860010e+01	1.396660e-19
 9.004010e+01	1.393010e-19
 9.149010e+01	1.389390e-19
 9.298010e+01	1.385720e-19
 9.448010e+01	1.382090e-19
 9.601010e+01	1.378450e-19
 9.756010e+01	1.374820e-19
 9.914010e+01	1.371180e-19
 1.007500e+02	1.367530e-19
 1.023800e+02	1.363890e-19
 1.040400e+02	1.360240e-19
 1.057200e+02	1.356610e-19
 1.074300e+02	1.352970e-19
 1.091700e+02	1.349330e-19
 1.109400e+02	1.345680e-19
 1.127400e+02	1.342030e-19
 1.145600e+02	1.338400e-19
 1.164200e+02	1.334750e-19
 1.183000e+02	1.331120e-19
 1.202200e+02	1.327460e-19
 1.221600e+02	1.323830e-19
 1.241400e+02	1.320190e-19
 1.261500e+02	1.316540e-19
 1.281900e+02	1.312910e-19
 1.302700e+02	1.309250e-19
 1.323800e+02	1.305610e-19
 1.345200e+02	1.301970e-19
 1.367000e+02	1.298320e-19
 1.389100e+02	1.294680e-19
 1.411600e+02	1.291040e-19
 1.434400e+02	1.287400e-19
 1.457700e+02	1.283740e-19
 1.481300e+02	1.280100e-19
 1.505200e+02	1.276460e-19
 1.529600e+02	1.272810e-19
 1.554400e+02	1.269160e-19
 1.579500e+02	1.265520e-19
 1.605100e+02	1.261870e-19
 1.631100e+02	1.258220e-19
 1.657500e+02	1.254570e-19
 1.684300e+02	1.250920e-19
 1.711600e+02	1.247270e-19
 1.739300e+02	1.243620e-19
 1.767500e+02	1.239960e-19
 1.796100e+02	1.236310e-19
 1.825200e+02	1.232650e-19
 1.854700e+02	1.229000e-19
 1.884700e+02	1.225350e-19
 1.915300e+02	1.221690e-19
 1.946300e+02	1.218030e-19
 1.977800e+02	1.214370e-19
 2.009800e+02	1.210720e-19
 2.042300e+02	1.207060e-19
 2.075400e+02	1.203400e-19
 2.109000e+02	1.199730e-19
 2.143100e+02	1.196080e-19
 2.177800e+02	1.192410e-19
 2.213100e+02	1.188740e-19
 2.248900e+02	1.185080e-19
 2.285300e+02	1.181410e-19
 2.322300e+02	1.177750e-19
 2.359900e+02	1.174080e-19
 2.398100e+02	1.170410e-19
 2.436900e+02	1.166740e-19
 2.476400e+02	1.163060e-19
 2.516500e+02	1.159390e-19
 2.557200e+02	1.155710e-19
 2.598600e+02	1.152040e-19
 2.640700e+02	1.148360e-19
 2.683400e+02	1.144680e-19
 2.726900e+02	1.141000e-19
 2.771000e+02	1.137320e-19
 2.815900e+02	1.133640e-19
 2.861500e+02	1.129950e-19
 2.907800e+02	1.126270e-19
 2.954900e+02	1.122580e-19
 3.002700e+02	1.118890e-19
 3.051300e+02	1.115210e-19
 3.100700e+02	1.111510e-19
 3.150900e+02	1.107820e-19
 3.201900e+02	1.104130e-19
 3.253700e+02	1.100440e-19
 3.306400e+02	1.096740e-19
 3.359900e+02	1.093040e-19
 3.414300e+02	1.089350e-19
 3.469600e+02	1.085640e-19
 3.525800e+02	1.081940e-19
 3.582900e+02	1.078240e-19
 3.640900e+02	1.074530e-19
 3.699800e+02	1.070830e-19
 3.759700e+02	1.067120e-19
 3.820600e+02	1.063410e-19
 3.882400e+02	1.059710e-19
 3.945300e+02	1.055990e-19
 4.009100e+02	1.052280e-19
 4.074000e+02	1.048570e-19
 4.140000e+02	1.044850e-19
 4.207000e+02	1.041140e-19
 4.275100e+02	1.037420e-19
 4.344300e+02	1.033710e-19
 4.414700e+02	1.029980e-19
 4.486100e+02	1.026270e-19
 4.558800e+02	1.022540e-19
 4.632600e+02	1.018820e-19
 4.707600e+02	1.015090e-19
 4.783800e+02	1.011370e-19
 4.861200e+02	1.007650e-19
 4.939900e+02	1.003920e-19
 5.019900e+02	1.000190e-19
 5.101100e+02	9.964670e-20
 5.183700e+02	9.927370e-20
 5.267600e+02	9.890080e-20
 5.352900e+02	9.852770e-20
 5.439600e+02	9.815440e-20
 5.527600e+02	9.778150e-20
 5.617100e+02	9.740830e-20
 5.708100e+02	9.703470e-20
 5.800500e+02	9.666150e-20
 5.894400e+02	9.628810e-20
 5.989800e+02	9.591480e-20
 6.086800e+02	9.554130e-20
 6.185300e+02	9.516810e-20
 6.285400e+02	9.479470e-20
 6.387200e+02	9.442110e-20
 6.490600e+02	9.404770e-20
 6.595600e+02	9.367450e-20
 6.702400e+02	9.330110e-20
 6.810900e+02	9.292770e-20
 6.921200e+02	9.255420e-20
 7.033200e+02	9.218100e-20
 7.147100e+02	9.180760e-20
 7.262800e+02	9.143440e-20
 7.380400e+02	9.106120e-20
 7.499900e+02	9.068800e-20
-----------------------------

