Electron cross sections for He: Biagi (Magboltz 7.1), from the WarpX data repository (MCC_cross_sections/He), as used in the benchmark of Turner et al., Phys. Plasmas 20 (2013) 013507

ELASTIC
He
 1.370558e-04
COMMENT: elastic, isotropic
COLUMNS: Energy (eV) | Cross section (m2)
-----------------------------
 0.000000e+00	4.903500e-20
 1.000000e-02	5.072350e-20
 2.000000e-02	5.242910e-20
 3.000000e-02	5.413470e-20
 4.000000e-02	5.534060e-20
 5.000000e-02	5.601810e-20
 6.000000e-02	5.669560e-20
 7.000000e-02	5.737300e-20
 8.000000e-02	5.781180e-20
 9.000000e-02	5.820780e-20
 1.000000e-01	5.860390e-20
 1.100000e-01	5.899620e-20
 1.200000e-01	5.934810e-20
 1.300000e-01	5.969990e-20
 1.400000e-01	6.005170e-20
 1.500000e-01	6.038580e-20
 1.600000e-01	6.064140e-20
 1.700000e-01	6.089710e-20
 1.800000e-01	6.115270e-20
 1.900000e-01	6.140220e-20
 2.000000e-01	6.161670e-20
 2.100000e-01	6.183110e-20
 2.200000e-01	6.204560e-20
 2.300000e-01	6.226010e-20
 2.400000e-01	6.244820e-20
 2.500000e-01	6.263560e-20
 2.600000e-01	6.282300e-20
 2.700000e-01	6.301040e-20
 2.800000e-01	6.317470e-20
 2.900000e-01	6.332650e-20
 3.000000e-01	6.347840e-20
 3.100000e-01	6.363020e-20
 3.200000e-01	6.378000e-20
 3.300000e-01	6.392000e-20
 3.400000e-01	6.406000e-20
 3.500000e-01	6.420000e-20
 3.600000e-01	6.434010e-20
 3.700000e-01	6.446630e-20
 3.800000e-01	6.458080e-20
 3.900000e-01	6.469530e-20
 4.000000e-01	6.480980e-20
 4.100000e-01	6.492430e-20
 4.200000e-01	6.503880e-20
 4.300000e-01	6.515330e-20
 4.400000e-01	6.526780e-20
 4.500000e-01	6.538230e-20
 4.600000e-01	6.549680e-20
 4.700000e-01	6.558500e-20
 4.800000e-01	6.566590e-20
 4.900000e-01	6.574670e-20
 5.000000e-01	6.582760e-20
 5.100000e-01	6.590840e-20
 5.200000e-01	6.598930e-20
 5.300000e-01	6.607020e-20
 5.400000e-01	6.615100e-20
 5.500000e-01	6.623190e-20
 5.600000e-01	6.631270e-20
 5.700000e-01	6.639000e-20
 5.800000e-01	6.646000e-20
 5.900000e-01	6.653000e-20
 6.000000e-01	6.660000e-20
 6.100000e-01	6.667000e-20
 6.200000e-01	6.674000e-20
 6.300000e-01	6.681000e-20
 6.400000e-01	6.688000e-20
 6.500000e-01	6.695000e-20
 6.600000e-01	6.702000e-20
 6.700000e-01	6.709000e-20
 6.800000e-01	6.715720e-20
 6.900000e-01	6.720410e-20
 7.000000e-01	6.725090e-20
 7.100000e-01	6.729780e-20
 7.200000e-01	6.734460e-20
 7.300000e-01	6.739150e-20
 7.400000e-01	6.743840e-20
 7.500000e-01	6.748520e-20
 7.600000e-01	6.753210e-20
 7.700000e-01	6.757890e-20
 7.800000e-01	6.762580e-20
 7.900000e-01	6.767260e-20
 8.000000e-01	6.771950e-20
 8.100000e-01	6.776630e-20
 8.200000e-01	6.781320e-20
 8.300000e-01	6.786000e-20
 8.400000e-01	6.790690e-20
 8.500000e-01	6.795380e-20
 8.600000e-01	6.800060e-20
 8.700000e-01	6.803630e-20
 8.800000e-01	6.806910e-20
 8.900000e-01	6.810180e-20
 9.000000e-01	6.813460e-20
 9.100000e-01	6.816730e-20
 9.200000e-01	6.820010e-20
 9.300000e-01	6.823280e-20
 9.400000e-01	6.826560e-20
 9.500000e-01	6.829830e-20
 9.600000e-01	6.833110e-20
 9.700000e-01	6.836380e-20
 9.800000e-01	6.839660e-20
 9.900000e-01	6.842930e-20
 1.000000e+00	6.846210e-20
 1.010000e+00	6.849480e-20
 1.020000e+00	6.852760e-20
 1.030000e+00	6.856030e-20
 1.040000e+00	6.859310e-20
 1.050000e+00	6.862580e-20
 1.060000e+00	6.865860e-20
 1.070000e+00	6.869130e-20
 1.080000e+00	6.872410e-20
 1.090000e+00	6.875680e-20
 1.100000e+00	6.878960e-20
 1.110000e+00	6.882230e-20
 1.120000e+00	6.885510e-20
 1.130000e+00	6.888780e-20
 1.140000e+00	6.891750e-20
 1.150000e+00	6.893520e-20
 1.160000e+00	6.895290e-20
 1.170000e+00	6.897060e-20
 1.180000e+00	6.898830e-20
 1.190000e+00	6.900600e-20
 1.200000e+00	6.902370e-20
 1.210000e+00	6.904140e-20
 1.220000e+00	6.905910e-20
 1.230000e+00	6.907680e-20
 1.240000e+00	6.909450e-20
 1.250000e+00	6.911220e-20
 1.260000e+00	6.912990e-20
 1.270000e+00	6.914760e-20
 1.280000e+00	6.916530e-20
 1.290000e+00	6.918300e-20
 1.300000e+00	6.920070e-20
 1.310000e+00	6.921840e-20
 1.320000e+00	6.923610e-20
 1.330000e+00	6.925380e-20
 1.340000e+00	6.927150e-20
 1.350000e+00	6.928920e-20
 1.360000e+00	6.930700e-20
 1.370000e+00	6.932470e-20
 1.380000e+00	6.934240e-20
 1.390000e+00	6.936010e-20
 1.400000e+00	6.937780e-20
 1.410000e+00	6.939550e-20
 1.420000e+00	6.941320e-20
 1.430000e+00	6.943090e-20
 1.440000e+00	6.944860e-20
 1.450000e+00	6.946630e-20
 1.460000e+00	6.948400e-20
 1.470000e+00	6.950170e-20
 1.480000e+00	6.951940e-20
 1.490000e+00	6.953710e-20
 1.500000e+00	6.955480e-20
 1.510000e+00	6.957250e-20
 1.520000e+00	6.959020e-20
 1.530000e+00	6.960790e-20
 1.540000e+00	6.962560e-20
 1.550000e+00	6.962290e-20
 1.560000e+00	6.961800e-20
 1.570000e+00	6.961320e-20
 1.580000e+00	6.960830e-20
 1.590000e+00	6.960340e-20
 1.600000e+00	6.959860e-20
 1.610000e+00	6.959370e-20
 1.620000e+00	6.958880e-20
 1.630000e+00	6.958400e-20
 1.640000e+00	6.957910e-20
 1.650000e+00	6.957420e-20
 1.660000e+00	6.956940e-20
 1.670000e+00	6.956450e-20
 1.680000e+00	6.955960e-20
 1.690000e+00	6.955480e-20
 1.700000e+00	6.954990e-20
 1.710000e+00	6.954500e-20
 1.720000e+00	6.954020e-20
 1.730000e+00	6.953530e-20
 1.740000e+00	6.953040e-20
 1.750000e+00	6.952560e-20
 1.760000e+00	6.952070e-20
 1.770000e+00	6.951580e-20
 1.780000e+00	6.951100e-20
 1.790000e+00	6.950610e-20
 1.800000e+00	6.950120e-20
 1.810000e+00	6.949640e-20
 1.820000e+00	6.949150e-20
 1.830000e+00	6.948660e-20
 1.840000e+00	6.948180e-20
 1.850000e+00	6.947690e-20
 1.860000e+00	6.947200e-20
 1.870000e+00	6.946720e-20
 1.880000e+00	6.946230e-20
 1.890000e+00	6.945750e-20
 1.900000e+00	6.945260e-20
 1.910000e+00	6.944770e-20
 1.920000e+00	6.944290e-20
 1.930000e+00	6.943800e-20
 1.940000e+00	6.943310e-20
 1.950000e+00	6.942830e-20
 1.960000e+00	6.942340e-20
 1.970000e+00	6.941850e-20
 1.980000e+00	6.941370e-20
 1.990000e+00	6.940880e-20
 2.000000e+00	6.940390e-20
 2.030000e+00	6.938930e-20
 2.060000e+00	6.937470e-20
 2.100000e+00	6.935530e-20
 2.130000e+00	6.934070e-20
 2.160000e+00	6.932610e-20
 2.200000e+00	6.930660e-20
 2.240000e+00	6.928710e-20
 2.270000e+00	6.927250e-20
 2.310000e+00	6.925310e-20
 2.350000e+00	6.923360e-20
 2.380000e+00	6.921900e-20
 2.420000e+00	6.919950e-20
 2.460000e+00	6.918010e-20
 2.500000e+00	6.916060e-20
 2.540000e+00	6.914110e-20
 2.580000e+00	6.912170e-20
 2.630000e+00	6.909730e-20
 2.670000e+00	6.907790e-20
 2.710000e+00	6.905840e-20
 2.760000e+00	6.903410e-20
 2.800000e+00	6.901460e-20
 2.850000e+00	6.899030e-20
 2.890000e+00	6.897080e-20
 2.940000e+00	6.894650e-20
 2.990000e+00	6.890320e-20
 3.030000e+00	6.879860e-20
 3.080000e+00	6.866790e-20
 3.130000e+00	6.853720e-20
 3.180000e+00	6.840660e-20
 3.240000e+00	6.824970e-20
 3.290000e+00	6.811700e-20
 3.340000e+00	6.798200e-20
 3.400000e+00	6.782000e-20
 3.450000e+00	6.768500e-20
 3.510000e+00	6.752300e-20
 3.560000e+00	6.738800e-20
 3.620000e+00	6.722600e-20
 3.680000e+00	6.706400e-20
 3.740000e+00	6.690200e-20
 3.800000e+00	6.674000e-20
 3.860000e+00	6.657800e-20
 3.930000e+00	6.637990e-20
 3.990000e+00	6.620090e-20
 4.050000e+00	6.602190e-20
 4.120000e+00	6.581310e-20
 4.190000e+00	6.560420e-20
 4.250000e+00	6.542500e-20
 4.320000e+00	6.520800e-20
 4.390000e+00	6.499100e-20
 4.460000e+00	6.477400e-20
 4.540000e+00	6.452600e-20
 4.610000e+00	6.430900e-20
 4.680000e+00	6.409200e-20
 4.760000e+00	6.384400e-20
 4.840000e+00	6.359600e-20
 4.920000e+00	6.334800e-20
 5.000000e+00	6.310010e-20
 5.080000e+00	6.285200e-20
 5.160000e+00	6.260400e-20
 5.240000e+00	6.235600e-20
 5.330000e+00	6.207700e-20
 5.410000e+00	6.182900e-20
 5.500000e+00	6.155000e-20
 5.590000e+00	6.127100e-20
 5.680000e+00	6.099200e-20
 5.770000e+00	6.071300e-20
 5.870000e+00	6.040300e-20
 5.960000e+00	6.012120e-20
 6.060000e+00	5.980460e-20
 6.160000e+00	5.948790e-20
 6.260000e+00	5.916800e-20
 6.360000e+00	5.884800e-20
 6.460000e+00	5.852800e-20
 6.570000e+00	5.817600e-20
 6.670000e+00	5.785600e-20
 6.780000e+00	5.750400e-20
 6.890000e+00	5.715200e-20
 7.000000e+00	5.679550e-20
 7.120000e+00	5.640190e-20
 7.230000e+00	5.604100e-20
 7.350000e+00	5.564500e-20
 7.470000e+00	5.524900e-20
 7.590000e+00	5.485300e-20
 7.710000e+00	5.445700e-20
 7.840000e+00	5.402920e-20
 7.960000e+00	5.363780e-20
 8.090000e+00	5.321390e-20
 8.220000e+00	5.279610e-20
 8.360000e+00	5.234810e-20
 8.490000e+00	5.193200e-20
 8.630000e+00	5.148400e-20
 8.770000e+00	5.103600e-20
 8.910000e+00	5.059260e-20
 9.050000e+00	5.014930e-20
 9.200000e+00	4.968000e-20
 9.350000e+00	4.921500e-20
 9.500000e+00	4.875000e-20
 9.660000e+00	4.825400e-20
 9.810000e+00	4.778900e-20
 9.970000e+00	4.731570e-20
 1.013000e+01	4.684750e-20
 1.030000e+01	4.636000e-20
 1.046000e+01	4.591200e-20
 1.063000e+01	4.543590e-20
 1.081000e+01	4.493080e-20
 1.098000e+01	4.445380e-20
 1.116000e+01	4.393590e-20
 1.134000e+01	4.341390e-20
 1.152000e+01	4.289190e-20
 1.171000e+01	4.234100e-20
 1.190000e+01	4.180170e-20
 1.209000e+01	4.137730e-20
 1.229000e+01	4.093060e-20
 1.249000e+01	4.052000e-20
 1.269000e+01	4.011990e-20
 1.289000e+01	3.971990e-20
 1.310000e+01	3.929990e-20
 1.331000e+01	3.887990e-20
 1.353000e+01	3.843990e-20
 1.375000e+01	3.800000e-20
 1.397000e+01	3.756000e-20
 1.420000e+01	3.710000e-20
 1.443000e+01	3.664000e-20
 1.466000e+01	3.617990e-20
 1.490000e+01	3.569990e-20
 1.514000e+01	3.522000e-20
 1.539000e+01	3.472000e-20
 1.564000e+01	3.422000e-20
 1.589000e+01	3.371990e-20
 1.615000e+01	3.320590e-20
 1.641000e+01	3.269510e-20
 1.667000e+01	3.220530e-20
 1.694000e+01	3.173730e-20
 1.722000e+01	3.125200e-20
 1.750000e+01	3.076670e-20
 1.778000e+01	3.028130e-20
 1.807000e+01	2.972300e-20
 1.836000e+01	2.915110e-20
 1.866000e+01	2.854700e-20
 1.896000e+01	2.793200e-20
 1.927000e+01	2.729660e-20
 1.958000e+01	2.666110e-20
 1.990000e+01	2.601040e-20
 2.022000e+01	2.559770e-20
 2.054000e+01	2.518500e-20
 2.088000e+01	2.477920e-20
 2.122000e+01	2.438480e-20
 2.156000e+01	2.399040e-20
 2.191000e+01	2.358440e-20
 2.226000e+01	2.317840e-20
 2.262000e+01	2.276080e-20
 2.299000e+01	2.233150e-20
 2.336000e+01	2.190240e-20
 2.374000e+01	2.146160e-20
 2.412000e+01	2.102080e-20
 2.452000e+01	2.055680e-20
 2.491000e+01	2.015430e-20
 2.532000e+01	1.977790e-20
 2.573000e+01	1.941600e-20
 2.614000e+01	1.908800e-20
 2.657000e+01	1.874400e-20
 2.700000e+01	1.840000e-20
 2.743000e+01	1.805610e-20
 2.788000e+01	1.769600e-20
 2.833000e+01	1.733600e-20
 2.879000e+01	1.696800e-20
 2.925000e+01	1.660000e-20
 2.973000e+01	1.624320e-20
 3.021000e+01	1.593170e-20
 3.070000e+01	1.562200e-20
 3.119000e+01	1.535740e-20
 3.170000e+01	1.508200e-20
 3.221000e+01	1.480660e-20
 3.273000e+01	1.452580e-20
 3.326000e+01	1.423960e-20
 3.380000e+01	1.394800e-20
 3.435000e+01	1.365100e-20
 3.491000e+01	1.334860e-20
 3.547000e+01	1.304620e-20
 3.605000e+01	1.273300e-20
 3.663000e+01	1.241980e-20
 3.722000e+01	1.210120e-20
 3.782000e+01	1.177720e-20
 3.844000e+01	1.144240e-20
 3.906000e+01	1.110760e-20
 3.969000e+01	1.081820e-20
 4.033000e+01	1.055020e-20
 4.099000e+01	1.031290e-20
 4.165000e+01	1.012150e-20
 4.233000e+01	9.924300e-21
 4.301000e+01	9.727110e-21
 4.371000e+01	9.524120e-21
 4.441000e+01	9.321110e-21
 4.513000e+01	9.112300e-21
 4.586000e+01	8.900600e-21
 4.661000e+01	8.683100e-21
 4.736000e+01	8.465600e-21
 4.813000e+01	8.242290e-21
 4.891000e+01	8.021490e-21
 4.970000e+01	7.804070e-21
 5.050000e+01	7.599990e-21
 5.132000e+01	7.435990e-21
 5.215000e+01	7.269990e-21
 5.300000e+01	7.099990e-21
 5.385000e+01	6.930000e-21
 5.473000e+01	6.754000e-21
 5.561000e+01	6.578000e-21
 5.651000e+01	6.398000e-21
 5.743000e+01	6.214010e-21
 5.836000e+01	6.028010e-21
 5.930000e+01	5.840000e-21
 6.026000e+01	5.674970e-21
 6.124000e+01	5.565260e-21
 6.223000e+01	5.454700e-21
 6.324000e+01	5.343600e-21
 6.426000e+01	5.231400e-21
 6.530000e+01	5.117000e-21
 6.636000e+01	5.000400e-21
 6.743000e+01	4.882700e-21
 6.852000e+01	4.762800e-21
 6.963000e+01	4.636910e-21
 7.076000e+01	4.505980e-21
 7.191000e+01	4.370800e-21
 7.307000e+01	4.231600e-21
 7.425000e+01	4.099640e-21
 7.546000e+01	3.999200e-21
 7.668000e+01	3.899200e-21
 7.792000e+01	3.824800e-21
 7.918000e+01	3.749200e-21
 8.046000e+01	3.663860e-21
 8.177000e+01	3.575170e-21
 8.309000e+01	3.483700e-21
 8.443000e+01	3.389900e-21
 8.580000e+01	3.294000e-21
 8.719000e+01	3.196700e-21
 8.860000e+01	3.103710e-21
 9.004000e+01	3.020250e-21
 9.149000e+01	2.940390e-21
 9.298000e+01	2.880800e-21
 9.448000e+01	2.820800e-21
 9.601000e+01	2.759600e-21
 9.756000e+01	2.697600e-21
 9.914000e+01	2.641480e-21
 1.007500e+02	2.585940e-21
 1.023800e+02	2.539060e-21
 1.040400e+02	2.496570e-21
 1.057200e+02	2.453560e-21
 1.074300e+02	2.409790e-21
 1.091700e+02	2.365260e-21
 1.109400e+02	2.319940e-21
 1.127400e+02	2.273850e-21
 1.145600e+02	2.227260e-21
 1.164200e+02	2.179650e-21
 1.183000e+02	2.131530e-21
 1.202200e+02	2.082370e-21
 1.221600e+02	2.032710e-21
 1.241400e+02	1.982030e-21
 1.261500e+02	1.930570e-21
 1.281900e+02	1.878340e-21
 1.302700e+02	1.825090e-21
 1.323800e+02	1.771070e-21
 1.345200e+02	1.716280e-21
 1.367000e+02	1.660480e-21
 1.389100e+02	1.603910e-21
 1.411600e+02	1.546310e-21
 1.434400e+02	1.487930e-21
 1.457700e+02	1.428290e-21
 1.481300e+02	1.367880e-21
 1.505200e+02	1.328260e-21
 1.529600e+02	1.293530e-21
 1.554400e+02	1.264520e-21
 1.579500e+02	1.238920e-21
 1.605100e+02	1.212800e-21
 1.631100e+02	1.186280e-21
 1.657500e+02	1.159350e-21
 1.684300e+02	1.132010e-21
 1.711600e+02	1.104170e-21
 1.739300e+02	1.075910e-21
 1.767500e+02	1.047150e-21
 1.796100e+02	1.017970e-21
 1.825200e+02	9.882940e-22
 1.854700e+02	9.582050e-22
 1.884700e+02	9.276050e-22
 1.915300e+02	8.963930e-22
 1.946300e+02	8.647720e-22
 1.977800e+02	8.378180e-22
 2.009800e+02	8.159490e-22
 2.042300e+02	7.979450e-22
 2.075400e+02	7.885120e-22
 2.109000e+02	7.789360e-22
 2.143100e+02	7.692170e-22
 2.177800e+02	7.593270e-22
 2.213100e+02	7.492660e-22
 2.248900e+02	7.390620e-22
 2.285300e+02	7.286890e-22
 2.322300e+02	7.181450e-22
 2.359900e+02	7.074290e-22
 2.398100e+02	6.965420e-22
 2.436900e+02	6.854840e-22
 2.476400e+02	6.742260e-22
 2.516500e+02	6.627980e-22
 2.557200e+02	6.511990e-22
 2.598600e+02	6.393990e-22
 2.640700e+02	6.274000e-22
 2.683400e+02	6.152300e-22
 2.726900e+02	6.028330e-22
 2.771000e+02	5.902640e-22
 2.815900e+02	5.774680e-22
 2.861500e+02	5.644720e-22
 2.907800e+02	5.512760e-22
 2.954900e+02	5.378530e-22
 3.002700e+02	5.242300e-22
 3.051300e+02	5.103800e-22
 3.100700e+02	4.963020e-22
 3.150900e+02	4.819950e-22
 3.201900e+02	4.674600e-22
 3.253700e+02	4.526960e-22
 3.306400e+02	4.376750e-22
 3.359900e+02	4.224290e-22
 3.414300e+02	4.069250e-22
 3.469600e+02	3.911640e-22
 3.525800e+02	3.751460e-22
 3.582900e+02	3.588720e-22
 3.640900e+02	3.423420e-22
 3.699800e+02	3.255560e-22
 3.759700e+02	3.084840e-22
 3.820600e+02	2.911280e-22
 3.882400e+02	2.735150e-22
 3.945300e+02	2.576440e-22
 4.009100e+02	2.460840e-22
 4.074000e+02	2.355600e-22
 4.140000e+02	2.316000e-22
 4.207000e+02	2.275800e-22
 4.275100e+02	2.234940e-22
 4.344300e+02	2.193420e-22
 4.414700e+02	2.151180e-22
 4.486100e+02	2.108340e-22
 4.558800e+02	2.064720e-22
 4.632600e+02	2.020440e-22
 4.707600e+02	1.975440e-22
 4.783800e+02	1.929720e-22
 4.861200e+02	1.883280e-22
 4.939900e+02	1.836060e-22
 5.019900e+02	1.788060e-22
 5.101100e+02	1.739340e-22
 5.183700e+02	1.689780e-22
 5.267600e+02	1.639440e-22
 5.352900e+02	1.588260e-22
 5.439600e+02	1.536240e-22
 5.527600e+02	1.483430e-22
 5.617100e+02	1.429740e-22
 5.708100e+02	1.375140e-22
 5.800500e+02	1.319700e-22
 5.894400e+02	1.263360e-22
 5.989800e+02	1.219630e-22
 6.086800e+02	1.191780e-22
 6.185300e+02	1.166650e-22
 6.285400e+02	1.148630e-22
 6.387200e+02	1.130310e-22
 6.490600e+02	1.111690e-22
 6.595600e+02	1.092790e-22
 6.702400e+02	1.073570e-22
 6.810900e+02	1.054040e-22
 6.921200e+02	1.034190e-22
 7.033200e+02	1.014030e-22
 7.147100e+02	9.935240e-23
 7.262800e+02	9.726970e-23
 7.380400e+02	9.515290e-23
 7.499900e+02	9.300190e-23
-----------------------------

EXCITATION
He -> He*(19.82eV)
 1.982000e+01
COMMENT: excitation 1
COLUMNS: Energy (eV) | Cross section (m2)
-----------------------------
 1.982000e+01	0.000000e+00
 1.983000e+01	2.611110e-25
 1.984000e+01	3.671480e-23
 1.985000e+01	7.316850e-23
 1.986000e+01	1.045460e-22
 1.987000e+01	1.306410e-22
 1.988000e+01	1.567360e-22
 1.989000e+01	1.828310e-22
 1.990000e+01	2.089130e-22
 1.991000e+01	2.349930e-22
 1.992000e+01	2.610730e-22
 1.993000e+01	2.871550e-22
 1.994000e+01	3.132520e-22
 1.995000e+01	3.393490e-22
 1.996000e+01	3.654460e-22
 1.997000e+01	3.906730e-22
 1.998000e+01	4.119400e-22
 1.999000e+01	4.332070e-22
 2.000000e+01	4.544740e-22
 2.001000e+01	4.730010e-22
 2.002000e+01	4.759980e-22
 2.003000e+01	4.789950e-22
 2.004000e+01	4.819930e-22
 2.005000e+01	4.849900e-22
 2.006000e+01	4.879920e-22
 2.007000e+01	4.909950e-22
 2.008000e+01	4.939980e-22
 2.009000e+01	4.970000e-22
 2.010000e+01	4.999990e-22
 2.011000e+01	5.029960e-22
 2.012000e+01	5.059930e-22
 2.013000e+01	5.089900e-22
 2.014000e+01	5.119870e-22
 2.015000e+01	5.149890e-22
 2.016000e+01	5.179910e-22
 2.017000e+01	5.209920e-22
 2.018000e+01	5.239940e-22
 2.019000e+01	5.236960e-22
 2.020000e+01	5.205860e-22
 2.021000e+01	5.174760e-22
 2.022000e+01	5.143660e-22
 2.023000e+01	5.112560e-22
 2.024000e+01	5.059830e-22
 2.025000e+01	4.999910e-22
 2.026000e+01	4.939980e-22
 2.027000e+01	4.880050e-22
 2.028000e+01	4.820120e-22
 2.029000e+01	4.760160e-22
 2.030000e+01	4.700170e-22
 2.031000e+01	4.640190e-22
 2.032000e+01	4.580210e-22
 2.033000e+01	4.520230e-22
 2.034000e+01	4.460170e-22
 2.035000e+01	4.400070e-22
 2.036000e+01	4.339970e-22
 2.037000e+01	4.279870e-22
 2.038000e+01	4.219770e-22
 2.039000e+01	4.159710e-22
 2.040000e+01	4.099760e-22
 2.041000e+01	4.039800e-22
 2.042000e+01	3.979850e-22
 2.043000e+01	3.919890e-22
 2.044000e+01	3.859930e-22
 2.045000e+01	3.799950e-22
 2.046000e+01	3.739950e-22
 2.047000e+01	3.679960e-22
 2.048000e+01	3.619970e-22
 2.049000e+01	3.559970e-22
 2.050000e+01	3.499980e-22
 2.051000e+01	3.439980e-22
 2.052000e+01	3.379990e-22
 2.053000e+01	3.319990e-22
 2.054000e+01	3.259990e-22
 2.055000e+01	3.200000e-22
 2.056000e+01	3.148840e-22
 2.057000e+01	3.129020e-22
 2.058000e+01	3.109200e-22
 2.059000e+01	3.089370e-22
 2.060000e+01	3.069550e-22
 2.061000e+01	3.049730e-22
 2.062000e+01	3.039790e-22
 2.063000e+01	3.109810e-22
 2.064000e+01	3.179830e-22
 2.065000e+01	3.249850e-22
 2.066000e+01	3.319870e-22
 2.067000e+01	3.389890e-22
 2.068000e+01	3.459910e-22
 2.069000e+01	3.529940e-22
 2.070000e+01	3.599980e-22
 2.071000e+01	3.670030e-22
 2.072000e+01	3.740070e-22
 2.073000e+01	3.810110e-22
 2.074000e+01	3.880150e-22
 2.075000e+01	3.945940e-22
 2.076000e+01	3.998990e-22
 2.077000e+01	4.052050e-22
 2.078000e+01	4.105100e-22
 2.079000e+01	4.158150e-22
 2.080000e+01	4.211200e-22
 2.081000e+01	4.264250e-22
 2.082000e+01	4.290020e-22
 2.083000e+01	4.285020e-22
 2.084000e+01	4.280020e-22
 2.085000e+01	4.275020e-22
 2.086000e+01	4.270010e-22
 2.087000e+01	4.265010e-22
 2.088000e+01	4.260010e-22
 2.089000e+01	4.255010e-22
 2.090000e+01	4.250010e-22
 2.091000e+01	4.245010e-22
 2.092000e+01	4.240010e-22
 2.093000e+01	4.235020e-22
 2.094000e+01	4.230020e-22
 2.095000e+01	4.225020e-22
 2.096000e+01	4.220170e-22
 2.097000e+01	4.215900e-22
 2.098000e+01	4.211630e-22
 2.099000e+01	4.207360e-22
 2.100000e+01	4.203100e-22
 2.101000e+01	4.198830e-22
 2.102000e+01	4.194560e-22
 2.103000e+01	4.190290e-22
 2.104000e+01	4.186670e-22
 2.105000e+01	4.183340e-22
 2.106000e+01	4.180000e-22
 2.107000e+01	4.176670e-22
 2.108000e+01	4.173340e-22
 2.109000e+01	4.170010e-22
 2.110000e+01	4.166670e-22
 2.111000e+01	4.163340e-22
 2.112000e+01	4.160010e-22
 2.113000e+01	4.156670e-22
 2.114000e+01	4.153340e-22
 2.115000e+01	4.150010e-22
 2.116000e+01	4.146680e-22
 2.117000e+01	4.143340e-22
 2.118000e+01	4.140010e-22
 2.119000e+01	4.136680e-22
 2.120000e+01	4.133340e-22
 2.121000e+01	4.130010e-22
 2.122000e+01	4.126670e-22
 2.123000e+01	4.123340e-22
 2.124000e+01	4.120000e-22
 2.125000e+01	4.116670e-22
 2.126000e+01	4.113330e-22
 2.127000e+01	4.110000e-22
 2.128000e+01	4.110590e-22
 2.129000e+01	4.114660e-22
 2.130000e+01	4.118730e-22
 2.131000e+01	4.122800e-22
 2.132000e+01	4.126860e-22
 2.133000e+01	4.130930e-22
 2.134000e+01	4.135000e-22
 2.135000e+01	4.139070e-22
 2.136000e+01	4.143140e-22
 2.137000e+01	4.149980e-22
 2.138000e+01	4.157120e-22
 2.139000e+01	4.164260e-22
 2.140000e+01	4.171400e-22
 2.141000e+01	4.178550e-22
 2.142000e+01	4.185690e-22
 2.143000e+01	4.192830e-22
 2.144000e+01	4.199970e-22
 2.145000e+01	4.207120e-22
 2.146000e+01	4.214260e-22
 2.147000e+01	4.221410e-22
 2.148000e+01	4.228550e-22
 2.149000e+01	4.235700e-22
 2.150000e+01	4.242850e-22
 2.151000e+01	4.249990e-22
 2.152000e+01	4.257140e-22
 2.153000e+01	4.264280e-22
 2.154000e+01	4.271430e-22
 2.155000e+01	4.278570e-22
 2.156000e+01	4.285710e-22
 2.157000e+01	4.292860e-22
 2.158000e+01	4.300000e-22
 2.159000e+01	4.307140e-22
 2.160000e+01	4.314280e-22
 2.161000e+01	4.321420e-22
 2.162000e+01	4.328560e-22
 2.163000e+01	4.335700e-22
 2.164000e+01	4.342840e-22
 2.165000e+01	4.349990e-22
 2.166000e+01	4.357140e-22
 2.167000e+01	4.364280e-22
 2.168000e+01	4.371430e-22
 2.169000e+01	4.378580e-22
 2.170000e+01	4.385720e-22
 2.171000e+01	4.392870e-22
 2.172000e+01	4.400020e-22
 2.173000e+01	4.407160e-22
 2.174000e+01	4.414310e-22
 2.175000e+01	4.421440e-22
 2.176000e+01	4.428580e-22
 2.177000e+01	4.435720e-22
 2.178000e+01	4.442860e-22
 2.179000e+01	4.449990e-22
 2.180000e+01	4.457130e-22
 2.181000e+01	4.464270e-22
 2.182000e+01	4.471410e-22
 2.186000e+01	4.499970e-22
 2.189000e+01	4.521400e-22
 2.192000e+01	4.542830e-22
 2.196000e+01	4.573200e-22
 2.199000e+01	4.598500e-22
 2.203000e+01	4.632230e-22
 2.206000e+01	4.658030e-22
 2.210000e+01	4.696670e-22
 2.214000e+01	4.735310e-22
 2.217000e+01	4.764290e-22
 2.221000e+01	4.802960e-22
 2.225000e+01	4.841630e-22
 2.229000e+01	4.880300e-22
 2.233000e+01	4.918990e-22
 2.237000e+01	4.957670e-22
 2.241000e+01	4.996350e-22
 2.245000e+01	5.035000e-22
 2.250000e+01	5.083310e-22
 2.254000e+01	5.121960e-22
 2.258000e+01	5.160640e-22
 2.263000e+01	5.209000e-22
 2.267000e+01	5.247680e-22
 2.272000e+01	5.296000e-22
 2.277000e+01	5.344320e-22
 2.281000e+01	5.382970e-22
 2.286000e+01	5.431310e-22
 2.291000e+01	5.479640e-22
 2.296000e+01	5.527980e-22
 2.301000e+01	5.576320e-22
 2.306000e+01	5.624660e-22
 2.312000e+01	5.682660e-22
 2.317000e+01	5.731000e-22
 2.322000e+01	5.779330e-22
 2.328000e+01	5.837330e-22
 2.333000e+01	5.885660e-22
 2.339000e+01	5.943650e-22
 2.345000e+01	6.001660e-22
 2.351000e+01	6.059670e-22
 2.357000e+01	6.117680e-22
 2.363000e+01	6.175670e-22
 2.369000e+01	6.233660e-22
 2.375000e+01	6.291660e-22
 2.382000e+01	6.359330e-22
 2.388000e+01	6.417340e-22
 2.395000e+01	6.485000e-22
 2.401000e+01	6.542990e-22
 2.408000e+01	6.610650e-22
 2.415000e+01	6.678320e-22
 2.422000e+01	6.746000e-22
 2.429000e+01	6.813670e-22
 2.436000e+01	6.881340e-22
 2.444000e+01	6.958680e-22
 2.451000e+01	7.026360e-22
 2.459000e+01	7.103700e-22
 2.466000e+01	7.171360e-22
 2.474000e+01	7.248680e-22
 2.482000e+01	7.326000e-22
 2.490000e+01	7.387920e-22
 2.499000e+01	7.449420e-22
 2.507000e+01	7.494390e-22
 2.515000e+01	7.488000e-22
 2.524000e+01	7.480800e-22
 2.533000e+01	7.473600e-22
 2.542000e+01	7.466390e-22
 2.551000e+01	7.459190e-22
 2.560000e+01	7.452000e-22
 2.569000e+01	7.444800e-22
 2.579000e+01	7.436800e-22
 2.588000e+01	7.429600e-22
 2.598000e+01	7.421600e-22
 2.608000e+01	7.413600e-22
 2.618000e+01	7.405600e-22
 2.629000e+01	7.396800e-22
 2.639000e+01	7.388800e-22
 2.650000e+01	7.380000e-22
 2.660000e+01	7.372000e-22
 2.671000e+01	7.363200e-22
 2.682000e+01	7.354400e-22
 2.694000e+01	7.344800e-22
 2.705000e+01	7.336000e-22
 2.717000e+01	7.326400e-22
 2.729000e+01	7.316800e-22
 2.741000e+01	7.307200e-22
 2.753000e+01	7.297600e-22
 2.766000e+01	7.287200e-22
 2.778000e+01	7.277600e-22
 2.791000e+01	7.267200e-22
 2.804000e+01	7.256800e-22
 2.818000e+01	7.245600e-22
 2.831000e+01	7.235200e-22
 2.845000e+01	7.224000e-22
 2.859000e+01	7.212800e-22
 2.873000e+01	7.201600e-22
 2.887000e+01	7.190400e-22
 2.902000e+01	7.178400e-22
 2.917000e+01	7.166400e-22
 2.932000e+01	7.154400e-22
 2.947000e+01	7.142400e-22
 2.963000e+01	7.129600e-22
 2.979000e+01	7.115560e-22
 2.995000e+01	7.101240e-22
 3.011000e+01	7.081300e-22
 3.028000e+01	7.052400e-22
 3.045000e+01	7.023500e-22
 3.062000e+01	6.994600e-22
 3.079000e+01	6.965690e-22
 3.097000e+01	6.935090e-22
 3.115000e+01	6.904500e-22
 3.133000e+01	6.873900e-22
 3.152000e+01	6.841600e-22
 3.171000e+01	6.809300e-22
 3.190000e+01	6.777000e-22
 3.210000e+01	6.743000e-22
 3.229000e+01	6.710690e-22
 3.250000e+01	6.675000e-22
 3.270000e+01	6.641000e-22
 3.291000e+01	6.605290e-22
 3.312000e+01	6.569590e-22
 3.333000e+01	6.533900e-22
 3.355000e+01	6.496510e-22
 3.377000e+01	6.459110e-22
 3.400000e+01	6.420000e-22
 3.423000e+01	6.380900e-22
 3.446000e+01	6.341800e-22
 3.470000e+01	6.300990e-22
 3.494000e+01	6.260200e-22
 3.518000e+01	6.219400e-22
 3.543000e+01	6.176900e-22
 3.568000e+01	6.134400e-22
 3.594000e+01	6.090200e-22
 3.620000e+01	6.046000e-22
 3.646000e+01	6.001790e-22
 3.673000e+01	5.955900e-22
 3.701000e+01	5.908300e-22
 3.728000e+01	5.862400e-22
 3.757000e+01	5.813100e-22
 3.785000e+01	5.765500e-22
 3.814000e+01	5.716190e-22
 3.844000e+01	5.665190e-22
 3.874000e+01	5.614200e-22
 3.905000e+01	5.561510e-22
 3.936000e+01	5.508810e-22
 3.967000e+01	5.456110e-22
 3.999000e+01	5.403390e-22
 4.032000e+01	5.349300e-22
 4.065000e+01	5.296000e-22
 4.099000e+01	5.241600e-22
 4.133000e+01	5.187200e-22
 4.168000e+01	5.131200e-22
 4.203000e+01	5.075190e-22
 4.239000e+01	5.017600e-22
 4.275000e+01	4.960000e-22
 4.312000e+01	4.900800e-22
 4.350000e+01	4.840000e-22
 4.388000e+01	4.779200e-22
 4.427000e+01	4.716810e-22
 4.467000e+01	4.652810e-22
 4.507000e+01	4.588810e-22
 4.548000e+01	4.523210e-22
 4.589000e+01	4.457600e-22
 4.631000e+01	4.390400e-22
 4.674000e+01	4.321600e-22
 4.717000e+01	4.252800e-22
 4.762000e+01	4.180800e-22
 4.806000e+01	4.110400e-22
 4.852000e+01	4.036810e-22
 4.898000e+01	3.963200e-22
 4.946000e+01	3.887900e-22
 4.993000e+01	3.820460e-22
 5.042000e+01	3.750140e-22
 5.091000e+01	3.690800e-22
 5.142000e+01	3.629600e-22
 5.193000e+01	3.568400e-22
 5.245000e+01	3.506000e-22
 5.297000e+01	3.443600e-22
 5.351000e+01	3.378800e-22
 5.405000e+01	3.314000e-22
 5.461000e+01	3.246800e-22
 5.517000e+01	3.179600e-22
 5.574000e+01	3.111200e-22
 5.632000e+01	3.041590e-22
 5.691000e+01	2.970800e-22
 5.751000e+01	2.898800e-22
 5.812000e+01	2.825600e-22
 5.873000e+01	2.752400e-22
 5.936000e+01	2.679690e-22
 6.000000e+01	2.609760e-22
 6.065000e+01	2.541500e-22
 6.131000e+01	2.482100e-22
 6.198000e+01	2.421800e-22
 6.266000e+01	2.360600e-22
 6.335000e+01	2.298510e-22
 6.406000e+01	2.234600e-22
 6.477000e+01	2.170700e-22
 6.550000e+01	2.105000e-22
 6.623000e+01	2.039300e-22
 6.698000e+01	1.971800e-22
 6.775000e+01	1.902500e-22
 6.852000e+01	1.833670e-22
 6.931000e+01	1.764980e-22
 7.011000e+01	1.695590e-22
 7.092000e+01	1.663190e-22
 7.174000e+01	1.630400e-22
 7.258000e+01	1.596800e-22
 7.343000e+01	1.562800e-22
 7.430000e+01	1.528000e-22
 7.518000e+01	1.492800e-22
 7.607000e+01	1.457200e-22
 7.698000e+01	1.420800e-22
 7.791000e+01	1.383610e-22
 7.884000e+01	1.346400e-22
 7.980000e+01	1.308090e-22
 8.077000e+01	1.272760e-22
 8.175000e+01	1.237070e-22
 8.275000e+01	1.201000e-22
 8.377000e+01	1.164280e-22
 8.480000e+01	1.127200e-22
 8.585000e+01	1.089400e-22
 8.692000e+01	1.050880e-22
 8.800000e+01	1.012000e-22
 8.910000e+01	9.749840e-23
 9.022000e+01	9.444460e-23
 9.136000e+01	9.141600e-23
 9.251000e+01	8.923100e-23
 9.369000e+01	8.698900e-23
 9.488000e+01	8.472790e-23
 9.609000e+01	8.242890e-23
 9.732000e+01	8.009190e-23
 9.857000e+01	7.771690e-23
 9.985000e+01	7.568710e-23
 1.011400e+02	7.400200e-23
 1.024500e+02	7.240260e-23
 1.037900e+02	7.098220e-23
 1.051400e+02	6.955130e-23
 1.065200e+02	6.808860e-23
 1.079200e+02	6.660470e-23
 1.093400e+02	6.509950e-23
 1.107900e+02	6.356240e-23
 1.122600e+02	6.200420e-23
 1.137500e+02	6.042480e-23
 1.152700e+02	5.881350e-23
 1.168100e+02	5.718110e-23
 1.183800e+02	5.551690e-23
 1.199700e+02	5.383150e-23
 1.215900e+02	5.211420e-23
 1.232300e+02	5.037580e-23
 1.249000e+02	4.860560e-23
 1.266000e+02	4.680390e-23
 1.283200e+02	4.498100e-23
 1.300700e+02	4.312590e-23
 1.318600e+02	4.122840e-23
 1.336600e+02	3.932050e-23
 1.355000e+02	3.737020e-23
 1.373700e+02	3.538810e-23
 1.392700e+02	3.337420e-23
 1.412000e+02	3.132840e-23
 1.431600e+02	2.925090e-23
 1.451500e+02	2.714150e-23
 1.471800e+02	2.498960e-23
 1.492300e+02	2.287750e-23
 1.513200e+02	2.203240e-23
 1.534500e+02	2.117110e-23
 1.556000e+02	2.058880e-23
 1.578000e+02	2.003440e-23
 1.600300e+02	1.947250e-23
 1.622900e+02	1.890300e-23
 1.645900e+02	1.832340e-23
 1.669300e+02	1.773370e-23
 1.693100e+02	1.713400e-23
 1.717200e+02	1.652670e-23
 1.741700e+02	1.590930e-23
 1.766700e+02	1.527930e-23
 1.792000e+02	1.464170e-23
 1.817700e+02	1.399410e-23
 1.843900e+02	1.333380e-23
 1.870500e+02	1.266350e-23
 1.897500e+02	1.198310e-23
 1.924900e+02	1.129260e-23
 1.952800e+02	1.058950e-23
 1.981100e+02	1.001930e-23
 2.009900e+02	9.575240e-24
 2.039200e+02	9.239270e-24
 2.068900e+02	9.117500e-24
 2.099100e+02	8.993690e-24
 2.129800e+02	8.867810e-24
 2.161000e+02	8.739890e-24
 2.192700e+02	8.609930e-24
 2.224900e+02	8.477910e-24
 2.257700e+02	8.343430e-24
 2.290900e+02	8.207310e-24
 2.324700e+02	8.068730e-24
 2.359100e+02	7.927690e-24
 2.394000e+02	7.784590e-24
 2.429400e+02	7.639450e-24
 2.465500e+02	7.491440e-24
 2.502100e+02	7.341390e-24
 2.539300e+02	7.188870e-24
 2.577100e+02	7.033890e-24
 2.615500e+02	6.876450e-24
 2.654600e+02	6.716150e-24
 2.694200e+02	6.553800e-24
 2.734500e+02	6.388560e-24
 2.775500e+02	6.220460e-24
 2.817100e+02	6.049890e-24
 2.859400e+02	5.876450e-24
 2.902400e+02	5.700150e-24
 2.946100e+02	5.520980e-24
 2.990500e+02	5.338940e-24
 3.035500e+02	5.154440e-24
 3.081400e+02	4.966250e-24
 3.127900e+02	4.775600e-24
 3.175300e+02	4.581260e-24
 3.223300e+02	4.384470e-24
 3.272200e+02	4.184000e-24
 3.321800e+02	3.980640e-24
 3.372300e+02	3.773590e-24
 3.423500e+02	3.563660e-24
 3.475600e+02	3.350040e-24
 3.528600e+02	3.132740e-24
 3.582300e+02	2.912570e-24
 3.637000e+02	2.688300e-24
 3.692500e+02	2.460740e-24
 3.749000e+02	2.229080e-24
 3.806300e+02	1.994160e-24
 3.864600e+02	1.755130e-24
 3.923800e+02	1.512410e-24
 3.984000e+02	1.265580e-24
 4.045100e+02	1.214380e-24
 4.107200e+02	1.184780e-24
 4.170400e+02	1.168190e-24
 4.234500e+02	1.156220e-24
 4.299700e+02	1.144050e-24
 4.365900e+02	1.131700e-24
 4.433200e+02	1.119140e-24
 4.501600e+02	1.106370e-24
 4.571100e+02	1.093400e-24
 4.641800e+02	1.080200e-24
 4.713500e+02	1.066810e-24
 4.786400e+02	1.053200e-24
 4.860500e+02	1.039370e-24
 4.935800e+02	1.025320e-24
 5.012300e+02	1.011040e-24
 5.090100e+02	9.965150e-25
 5.169100e+02	9.817680e-25
 5.249400e+02	9.667780e-25
 5.331000e+02	9.515460e-25
 5.413800e+02	9.360910e-25
 5.498100e+02	9.203550e-25
 5.583700e+02	9.043770e-25
 5.670600e+02	8.881550e-25
 5.759000e+02	8.716530e-25
 5.848800e+02	8.548900e-25
 5.940100e+02	8.378480e-25
 6.032800e+02	8.205440e-25
 6.127000e+02	8.029590e-25
 6.222800e+02	7.850770e-25
 6.320100e+02	7.669150e-25
 6.419000e+02	7.484530e-25
 6.519400e+02	7.297120e-25
 6.621500e+02	7.106530e-25
 6.725200e+02	6.912950e-25
 6.830700e+02	6.716020e-25
 6.937800e+02	6.516110e-25
 7.046600e+02	6.313020e-25
 7.157200e+02	6.106560e-25
 7.269600e+02	5.896750e-25
 7.383800e+02	5.683580e-25
 7.499900e+02	5.466860e-25
-----------------------------

EXCITATION
He -> He*(20.61eV)
 2.061000e+01
COMMENT: excitation 2
COLUMNS: Energy (eV) | Cross section (m2)
-----------------------------
 2.061000e+01	0.000000e+00
 2.062000e+01	8.620720e-26
 2.063000e+01	1.212160e-23
 2.064000e+01	2.415700e-23
 2.065000e+01	3.451660e-23
 2.066000e+01	4.313190e-23
 2.067000e+01	5.174720e-23
 2.068000e+01	6.036250e-23
 2.069000e+01	6.897380e-23
 2.070000e+01	7.758430e-23
 2.071000e+01	8.619480e-23
 2.072000e+01	9.480580e-23
 2.073000e+01	1.034220e-22
 2.074000e+01	1.120380e-22
 2.075000e+01	1.206540e-22
 2.076000e+01	1.292730e-22
 2.077000e+01	1.379040e-22
 2.078000e+01	1.465350e-22
 2.079000e+01	1.551660e-22
 2.080000e+01	1.637940e-22
 2.081000e+01	1.724080e-22
 2.082000e+01	1.810220e-22
 2.083000e+01	1.896360e-22
 2.084000e+01	1.982500e-22
 2.085000e+01	2.068770e-22
 2.086000e+01	2.155040e-22
 2.087000e+01	2.241320e-22
 2.088000e+01	2.327590e-22
 2.089000e+01	2.366120e-22
 2.090000e+01	2.378950e-22
 2.091000e+01	2.391770e-22
 2.092000e+01	2.404590e-22
 2.093000e+01	2.410130e-22
 2.094000e+01	2.380110e-22
 2.095000e+01	2.350090e-22
 2.096000e+01	2.320080e-22
 2.097000e+01	2.290060e-22
 2.098000e+01	2.269940e-22
 2.099000e+01	2.258260e-22
 2.100000e+01	2.246570e-22
 2.101000e+01	2.234890e-22
 2.102000e+01	2.223200e-22
 2.103000e+01	2.227020e-22
 2.104000e+01	2.236010e-22
 2.105000e+01	2.245000e-22
 2.106000e+01	2.253990e-22
 2.107000e+01	2.262980e-22
 2.108000e+01	2.271980e-22
 2.109000e+01	2.280980e-22
 2.110000e+01	2.289970e-22
 2.111000e+01	2.298970e-22
 2.112000e+01	2.307970e-22
 2.113000e+01	2.316980e-22
 2.114000e+01	2.325990e-22
 2.115000e+01	2.335010e-22
 2.116000e+01	2.344020e-22
 2.117000e+01	2.353040e-22
 2.118000e+01	2.362050e-22
 2.119000e+01	2.371040e-22
 2.120000e+01	2.380030e-22
 2.121000e+01	2.389030e-22
 2.122000e+01	2.398020e-22
 2.123000e+01	2.407010e-22
 2.124000e+01	2.416010e-22
 2.125000e+01	2.425010e-22
 2.126000e+01	2.434010e-22
 2.127000e+01	2.443000e-22
 2.128000e+01	2.452000e-22
 2.129000e+01	2.461000e-22
 2.130000e+01	2.470000e-22
 2.131000e+01	2.479000e-22
 2.132000e+01	2.488000e-22
 2.133000e+01	2.497000e-22
 2.134000e+01	2.506000e-22
 2.135000e+01	2.515000e-22
 2.136000e+01	2.523990e-22
 2.137000e+01	2.532990e-22
 2.138000e+01	2.541980e-22
 2.139000e+01	2.550980e-22
 2.140000e+01	2.559970e-22
 2.141000e+01	2.568970e-22
 2.142000e+01	2.577970e-22
 2.143000e+01	2.586980e-22
 2.144000e+01	2.595980e-22
 2.145000e+01	2.604980e-22
 2.146000e+01	2.613990e-22
 2.147000e+01	2.622990e-22
 2.148000e+01	2.632450e-22
 2.149000e+01	2.642030e-22
 2.150000e+01	2.651610e-22
 2.151000e+01	2.661190e-22
 2.152000e+01	2.670770e-22
 2.153000e+01	2.680350e-22
 2.154000e+01	2.690030e-22
 2.155000e+01	2.700020e-22
 2.156000e+01	2.710010e-22
 2.157000e+01	2.720000e-22
 2.158000e+01	2.729990e-22
 2.159000e+01	2.739980e-22
 2.160000e+01	2.749970e-22
 2.161000e+01	2.759960e-22
 2.162000e+01	2.769960e-22
 2.163000e+01	2.779970e-22
 2.164000e+01	2.789970e-22
 2.165000e+01	2.799970e-22
 2.166000e+01	2.809980e-22
 2.167000e+01	2.819980e-22
 2.168000e+01	2.829980e-22
 2.169000e+01	2.839980e-22
 2.170000e+01	2.849970e-22
 2.171000e+01	2.859970e-22
 2.172000e+01	2.869970e-22
 2.173000e+01	2.879960e-22
 2.174000e+01	2.889960e-22
 2.175000e+01	2.899960e-22
 2.176000e+01	2.909970e-22
 2.177000e+01	2.919970e-22
 2.178000e+01	2.929980e-22
 2.179000e+01	2.939980e-22
 2.180000e+01	2.949990e-22
 2.181000e+01	2.959990e-22
 2.182000e+01	2.970000e-22
 2.183000e+01	2.980000e-22
 2.184000e+01	2.989990e-22
 2.185000e+01	2.999990e-22
 2.186000e+01	3.009990e-22
 2.187000e+01	3.019980e-22
 2.188000e+01	3.029980e-22
 2.189000e+01	3.039970e-22
 2.190000e+01	3.049970e-22
 2.191000e+01	3.059970e-22
 2.192000e+01	3.069970e-22
 2.193000e+01	3.079970e-22
 2.194000e+01	3.089970e-22
 2.195000e+01	3.099970e-22
 2.196000e+01	3.109970e-22
 2.197000e+01	3.119970e-22
 2.198000e+01	3.129970e-22
 2.199000e+01	3.139310e-22
 2.200000e+01	3.148530e-22
 2.201000e+01	3.157760e-22
 2.202000e+01	3.166990e-22
 2.203000e+01	3.176220e-22
 2.204000e+01	3.185450e-22
 2.205000e+01	3.194670e-22
 2.206000e+01	3.203900e-22
 2.207000e+01	3.213010e-22
 2.208000e+01	3.222000e-22
 2.209000e+01	3.231000e-22
 2.210000e+01	3.240000e-22
 2.211000e+01	3.248990e-22
 2.212000e+01	3.257990e-22
 2.213000e+01	3.266990e-22
 2.214000e+01	3.275980e-22
 2.215000e+01	3.284980e-22
 2.216000e+01	3.293980e-22
 2.217000e+01	3.302980e-22
 2.218000e+01	3.311980e-22
 2.219000e+01	3.320980e-22
 2.220000e+01	3.329970e-22
 2.221000e+01	3.338970e-22
 2.222000e+01	3.347970e-22
 2.223000e+01	3.356970e-22
 2.224000e+01	3.365970e-22
 2.225000e+01	3.374970e-22
 2.226000e+01	3.383980e-22
 2.227000e+01	3.392980e-22
 2.228000e+01	3.401980e-22
 2.229000e+01	3.410990e-22
 2.230000e+01	3.419990e-22
 2.231000e+01	3.428990e-22
 2.232000e+01	3.438000e-22
 2.233000e+01	3.447000e-22
 2.234000e+01	3.456000e-22
 2.235000e+01	3.465000e-22
 2.236000e+01	3.473990e-22
 2.237000e+01	3.482990e-22
 2.238000e+01	3.491990e-22
 2.239000e+01	3.500990e-22
 2.240000e+01	3.509990e-22
 2.241000e+01	3.518980e-22
 2.242000e+01	3.527980e-22
 2.243000e+01	3.537100e-22
 2.244000e+01	3.546820e-22
 2.245000e+01	3.556550e-22
 2.246000e+01	3.566270e-22
 2.247000e+01	3.576000e-22
 2.248000e+01	3.585720e-22
 2.249000e+01	3.595450e-22
 2.250000e+01	3.605170e-22
 2.251000e+01	3.614900e-22
 2.252000e+01	3.624620e-22
 2.253000e+01	3.634830e-22
 2.254000e+01	3.646420e-22
 2.255000e+01	3.658010e-22
 2.256000e+01	3.669610e-22
 2.257000e+01	3.681200e-22
 2.258000e+01	3.692790e-22
 2.259000e+01	3.704380e-22
 2.260000e+01	3.715970e-22
 2.261000e+01	3.727560e-22
 2.265000e+01	3.773950e-22
 2.268000e+01	3.808760e-22
 2.271000e+01	3.843570e-22
 2.275000e+01	3.889980e-22
 2.278000e+01	3.924800e-22
 2.282000e+01	3.971230e-22
 2.285000e+01	4.006040e-22
 2.289000e+01	4.052410e-22
 2.292000e+01	4.087180e-22
 2.296000e+01	4.133550e-22
 2.300000e+01	4.179950e-22
 2.304000e+01	4.226360e-22
 2.308000e+01	4.272770e-22
 2.312000e+01	4.319180e-22
 2.316000e+01	4.365600e-22
 2.320000e+01	4.412020e-22
 2.324000e+01	4.458390e-22
 2.328000e+01	4.504770e-22
 2.333000e+01	4.562750e-22
 2.337000e+01	4.609170e-22
 2.342000e+01	4.667200e-22
 2.346000e+01	4.713620e-22
 2.351000e+01	4.771600e-22
 2.355000e+01	4.817980e-22
 2.360000e+01	4.875960e-22
 2.365000e+01	4.933970e-22
 2.370000e+01	4.991970e-22
 2.375000e+01	5.049970e-22
 2.380000e+01	5.107980e-22
 2.385000e+01	5.165990e-22
 2.390000e+01	5.223990e-22
 2.396000e+01	5.293600e-22
 2.401000e+01	5.351610e-22
 2.407000e+01	5.421200e-22
 2.412000e+01	5.479190e-22
 2.418000e+01	5.548780e-22
 2.424000e+01	5.618390e-22
 2.430000e+01	5.688000e-22
 2.436000e+01	5.757610e-22
 2.442000e+01	5.827200e-22
 2.448000e+01	5.896790e-22
 2.454000e+01	5.966390e-22
 2.460000e+01	6.035990e-22
 2.467000e+01	6.117200e-22
 2.473000e+01	6.186800e-22
 2.480000e+01	6.267980e-22
 2.487000e+01	6.347550e-22
 2.494000e+01	6.419190e-22
 2.501000e+01	6.490830e-22
 2.508000e+01	6.545340e-22
 2.515000e+01	6.585010e-22
 2.522000e+01	6.624680e-22
 2.530000e+01	6.670010e-22
 2.537000e+01	6.709680e-22
 2.545000e+01	6.755010e-22
 2.553000e+01	6.800340e-22
 2.561000e+01	6.845670e-22
 2.569000e+01	6.891000e-22
 2.577000e+01	6.936350e-22
 2.586000e+01	6.987360e-22
 2.594000e+01	7.032690e-22
 2.603000e+01	7.083690e-22
 2.611000e+01	7.129020e-22
 2.620000e+01	7.180020e-22
 2.629000e+01	7.231020e-22
 2.639000e+01	7.287680e-22
 2.648000e+01	7.338670e-22
 2.657000e+01	7.389670e-22
 2.667000e+01	7.446340e-22
 2.677000e+01	7.503020e-22
 2.687000e+01	7.559680e-22
 2.697000e+01	7.616330e-22
 2.707000e+01	7.673000e-22
 2.718000e+01	7.735340e-22
 2.728000e+01	7.792010e-22
 2.739000e+01	7.854340e-22
 2.750000e+01	7.916660e-22
 2.761000e+01	7.978990e-22
 2.772000e+01	8.041340e-22
 2.784000e+01	8.109130e-22
 2.796000e+01	8.173760e-22
 2.807000e+01	8.233010e-22
 2.819000e+01	8.294990e-22
 2.832000e+01	8.359990e-22
 2.844000e+01	8.419990e-22
 2.857000e+01	8.484990e-22
 2.870000e+01	8.550000e-22
 2.883000e+01	8.615000e-22
 2.896000e+01	8.680000e-22
 2.909000e+01	8.745000e-22
 2.923000e+01	8.814990e-22
 2.937000e+01	8.884990e-22
 2.951000e+01	8.954990e-22
 2.966000e+01	9.030000e-22
 2.980000e+01	9.099320e-22
 2.995000e+01	9.172940e-22
 3.010000e+01	9.245990e-22
 3.026000e+01	9.319590e-22
 3.041000e+01	9.388580e-22
 3.057000e+01	9.462180e-22
 3.073000e+01	9.535790e-22
 3.089000e+01	9.609390e-22
 3.106000e+01	9.687590e-22
 3.123000e+01	9.765790e-22
 3.140000e+01	9.844000e-22
 3.158000e+01	9.926820e-22
 3.175000e+01	1.000500e-21
 3.193000e+01	1.008780e-21
 3.212000e+01	1.017520e-21
 3.230000e+01	1.025800e-21
 3.249000e+01	1.034540e-21
 3.268000e+01	1.043280e-21
 3.288000e+01	1.052480e-21
 3.308000e+01	1.061680e-21
 3.328000e+01	1.070880e-21
 3.348000e+01	1.080080e-21
 3.369000e+01	1.089740e-21
 3.390000e+01	1.099400e-21
 3.412000e+01	1.109520e-21
 3.433000e+01	1.119180e-21
 3.455000e+01	1.129300e-21
 3.478000e+01	1.139880e-21
 3.501000e+01	1.149700e-21
 3.524000e+01	1.158320e-21
 3.548000e+01	1.167280e-21
 3.572000e+01	1.175920e-21
 3.596000e+01	1.184560e-21
 3.621000e+01	1.193560e-21
 3.646000e+01	1.202560e-21
 3.672000e+01	1.211920e-21
 3.698000e+01	1.221280e-21
 3.724000e+01	1.230640e-21
 3.751000e+01	1.240360e-21
 3.778000e+01	1.250080e-21
 3.806000e+01	1.260160e-21
 3.834000e+01	1.270240e-21
 3.863000e+01	1.280680e-21
 3.892000e+01	1.291120e-21
 3.922000e+01	1.301920e-21
 3.952000e+01	1.312720e-21
 3.982000e+01	1.323410e-21
 4.013000e+01	1.333250e-21
 4.045000e+01	1.343410e-21
 4.077000e+01	1.353100e-21
 4.109000e+01	1.362700e-21
 4.143000e+01	1.372900e-21
 4.176000e+01	1.382800e-21
 4.210000e+01	1.393000e-21
 4.245000e+01	1.403500e-21
 4.280000e+01	1.414000e-21
 4.316000e+01	1.424800e-21
 4.353000e+01	1.435900e-21
 4.390000e+01	1.447000e-21
 4.427000e+01	1.458100e-21
 4.465000e+01	1.468300e-21
 4.504000e+01	1.477760e-21
 4.544000e+01	1.486160e-21
 4.584000e+01	1.491760e-21
 4.625000e+01	1.497500e-21
 4.666000e+01	1.503240e-21
 4.708000e+01	1.509120e-21
 4.751000e+01	1.515140e-21
 4.794000e+01	1.521160e-21
 4.838000e+01	1.527320e-21
 4.883000e+01	1.533620e-21
 4.929000e+01	1.540210e-21
 4.975000e+01	1.547080e-21
 5.022000e+01	1.554400e-21
 5.070000e+01	1.564000e-21
 5.119000e+01	1.573800e-21
 5.168000e+01	1.583600e-21
 5.218000e+01	1.593600e-21
 5.269000e+01	1.603800e-21
 5.321000e+01	1.614200e-21
 5.374000e+01	1.624800e-21
 5.427000e+01	1.635400e-21
 5.482000e+01	1.646400e-21
 5.537000e+01	1.657400e-21
 5.593000e+01	1.668600e-21
 5.650000e+01	1.680000e-21
 5.708000e+01	1.691600e-21
 5.767000e+01	1.703400e-21
 5.827000e+01	1.715400e-21
 5.888000e+01	1.727600e-21
 5.949000e+01	1.739800e-21
 6.012000e+01	1.748470e-21
 6.076000e+01	1.750710e-21
 6.141000e+01	1.752820e-21
 6.207000e+01	1.754140e-21
 6.274000e+01	1.755480e-21
 6.342000e+01	1.756840e-21
 6.411000e+01	1.758220e-21
 6.481000e+01	1.759620e-21
 6.552000e+01	1.761040e-21
 6.625000e+01	1.762500e-21
 6.699000e+01	1.763980e-21
 6.774000e+01	1.765480e-21
 6.850000e+01	1.767000e-21
 6.927000e+01	1.768480e-21
 7.006000e+01	1.769660e-21
 7.085000e+01	1.770830e-21
 7.167000e+01	1.771670e-21
 7.249000e+01	1.772490e-21
 7.333000e+01	1.773330e-21
 7.418000e+01	1.774180e-21
 7.504000e+01	1.775040e-21
 7.592000e+01	1.775920e-21
 7.682000e+01	1.776820e-21
 7.773000e+01	1.777730e-21
 7.865000e+01	1.778600e-21
 7.958000e+01	1.779280e-21
 8.054000e+01	1.779980e-21
 8.150000e+01	1.780000e-21
 8.249000e+01	1.780000e-21
 8.349000e+01	1.780000e-21
 8.450000e+01	1.780000e-21
 8.553000e+01	1.780000e-21
 8.658000e+01	1.780000e-21
 8.765000e+01	1.780000e-21
 8.873000e+01	1.780000e-21
 8.983000e+01	1.779800e-21
 9.095000e+01	1.778870e-21
 9.209000e+01	1.777910e-21
 9.324000e+01	1.776760e-21
 9.441000e+01	1.775590e-21
 9.560000e+01	1.774400e-21
 9.682000e+01	1.773180e-21
 9.805000e+01	1.771950e-21
 9.930000e+01	1.770700e-21
 1.005700e+02	1.768350e-21
 1.018600e+02	1.764770e-21
 1.031700e+02	1.761120e-21
 1.045000e+02	1.757400e-21
 1.058600e+02	1.753590e-21
 1.072400e+02	1.749720e-21
 1.086300e+02	1.745830e-21
 1.100600e+02	1.741830e-21
 1.115000e+02	1.737800e-21
 1.129700e+02	1.733680e-21
 1.144600e+02	1.729510e-21
 1.159800e+02	1.725250e-21
 1.175200e+02	1.720940e-21
 1.190800e+02	1.716580e-21
 1.206700e+02	1.712120e-21
 1.222900e+02	1.707590e-21
 1.239300e+02	1.702990e-21
 1.256000e+02	1.698320e-21
 1.272900e+02	1.693590e-21
 1.290100e+02	1.688770e-21
 1.307700e+02	1.683850e-21
 1.325400e+02	1.678890e-21
 1.343500e+02	1.673820e-21
 1.361900e+02	1.668670e-21
 1.380600e+02	1.663430e-21
 1.399500e+02	1.658140e-21
 1.418800e+02	1.652740e-21
 1.438400e+02	1.647250e-21
 1.458300e+02	1.641670e-21
 1.478500e+02	1.636020e-21
 1.499000e+02	1.630290e-21
 1.519900e+02	1.624020e-21
 1.541100e+02	1.617670e-21
 1.562700e+02	1.611190e-21
 1.584600e+02	1.604620e-21
 1.606900e+02	1.597930e-21
 1.629500e+02	1.591150e-21
 1.652500e+02	1.584250e-21
 1.675800e+02	1.577260e-21
 1.699600e+02	1.570120e-21
 1.723700e+02	1.562890e-21
 1.748200e+02	1.555540e-21
 1.773100e+02	1.548070e-21
 1.798400e+02	1.540480e-21
 1.824100e+02	1.532770e-21
 1.850200e+02	1.524940e-21
 1.876800e+02	1.516960e-21
 1.903800e+02	1.508860e-21
 1.931200e+02	1.500640e-21
 1.959000e+02	1.492300e-21
 1.987300e+02	1.484040e-21
 2.016100e+02	1.475910e-21
 2.045300e+02	1.467760e-21
 2.075000e+02	1.459750e-21
 2.105200e+02	1.451600e-21
 2.135900e+02	1.443310e-21
 2.167100e+02	1.434880e-21
 2.198700e+02	1.426350e-21
 2.230900e+02	1.417650e-21
 2.263600e+02	1.408830e-21
 2.296800e+02	1.399860e-21
 2.330600e+02	1.390740e-21
 2.364900e+02	1.381480e-21
 2.399800e+02	1.372060e-21
 2.435200e+02	1.362500e-21
 2.471200e+02	1.352780e-21
 2.507800e+02	1.342890e-21
 2.544900e+02	1.332880e-21
 2.582700e+02	1.322670e-21
 2.621100e+02	1.312300e-21
 2.660100e+02	1.301770e-21
 2.699700e+02	1.291080e-21
 2.740000e+02	1.280200e-21
 2.780900e+02	1.269160e-21
 2.822500e+02	1.257930e-21
 2.864700e+02	1.246530e-21
 2.907600e+02	1.234950e-21
 2.951300e+02	1.223150e-21
 2.995600e+02	1.211730e-21
 3.040600e+02	1.201430e-21
 3.086400e+02	1.190990e-21
 3.132900e+02	1.180760e-21
 3.180200e+02	1.170350e-21
 3.228200e+02	1.159790e-21
 3.277000e+02	1.149060e-21
 3.326600e+02	1.138150e-21
 3.377000e+02	1.127060e-21
 3.428200e+02	1.115800e-21
 3.480200e+02	1.104360e-21
 3.533100e+02	1.092720e-21
 3.586800e+02	1.080910e-21
 3.641400e+02	1.068890e-21
 3.696900e+02	1.056680e-21
 3.753300e+02	1.044270e-21
 3.810600e+02	1.031670e-21
 3.868800e+02	1.018870e-21
 3.927900e+02	1.005860e-21
 3.988000e+02	9.926390e-22
 4.049100e+02	9.837280e-22
 4.111100e+02	9.755850e-22
 4.174200e+02	9.673540e-22
 4.238300e+02	9.590210e-22
 4.303400e+02	9.505580e-22
 4.369500e+02	9.419660e-22
 4.436800e+02	9.332170e-22
 4.505100e+02	9.243370e-22
 4.574500e+02	9.153150e-22
 4.645100e+02	9.061370e-22
 4.716700e+02	8.968290e-22
 4.789600e+02	8.873520e-22
 4.863600e+02	8.777320e-22
 4.938800e+02	8.682560e-22
 5.015200e+02	8.586760e-22
 5.092900e+02	8.497800e-22
 5.171800e+02	8.411020e-22
 5.252000e+02	8.322800e-22
 5.333500e+02	8.233150e-22
 5.416300e+02	8.142070e-22
 5.500400e+02	8.049560e-22
 5.585900e+02	7.955510e-22
 5.672800e+02	7.859920e-22
 5.761100e+02	7.762780e-22
 5.850800e+02	7.664120e-22
 5.941900e+02	7.563910e-22
 6.034500e+02	7.487430e-22
 6.128700e+02	7.412270e-22
 6.224300e+02	7.342990e-22
 6.321500e+02	7.274950e-22
 6.420200e+02	7.205860e-22
 6.520600e+02	7.135580e-22
 6.622500e+02	7.064250e-22
 6.726200e+02	6.991660e-22
 6.831400e+02	6.918020e-22
 6.938400e+02	6.843120e-22
 7.047100e+02	6.767030e-22
 7.157600e+02	6.689680e-22
 7.269900e+02	6.611070e-22
 7.383900e+02	6.531270e-22
 7.499900e+02	6.450070e-22
-----------------------------

IONIZATION
He -> He+
 2.458700e+01
COMMENT: ionisation
COLUMNS: Energy (eV) | Cross section (m2)
-----------------------------
 2.459000e+01	0.000000e+00
 2.460000e+01	1.234870e-26
 2.461000e+01	1.970380e-24
 2.462000e+01	3.928400e-24
 2.463000e+01	5.314520e-24
 2.464000e+01	6.548610e-24
 2.465000e+01	7.782700e-24
 2.466000e+01	9.016690e-24
 2.467000e+01	1.025010e-23
 2.468000e+01	1.148350e-23
 2.469000e+01	1.271690e-23
 2.470000e+01	1.395060e-23
 2.471000e+01	1.518480e-23
 2.472000e+01	1.641900e-23
 2.473000e+01	1.765320e-23
 2.474000e+01	1.888840e-23
 2.475000e+01	2.012480e-23
 2.476000e+01	2.136120e-23
 2.477000e+01	2.259750e-23
 2.478000e+01	2.383270e-23
 2.479000e+01	2.506660e-23
 2.480000e+01	2.630050e-23
 2.481000e+01	2.753440e-23
 2.482000e+01	2.876880e-23
 2.483000e+01	3.000460e-23
 2.484000e+01	3.124050e-23
 2.485000e+01	3.247640e-23
 2.486000e+01	3.371220e-23
 2.487000e+01	3.494590e-23
 2.488000e+01	3.617950e-23
 2.489000e+01	3.741310e-23
 2.490000e+01	3.864670e-23
 2.491000e+01	3.988120e-23
 2.492000e+01	4.111680e-23
 2.493000e+01	4.235240e-23
 2.494000e+01	4.358790e-23
 2.495000e+01	4.482350e-23
 2.496000e+01	4.605970e-23
 2.497000e+01	4.729590e-23
 2.498000e+01	4.853220e-23
 2.499000e+01	4.976850e-23
 2.500000e+01	5.100280e-23
 2.501000e+01	5.220170e-23
 2.502000e+01	5.340050e-23
 2.503000e+01	5.459940e-23
 2.504000e+01	5.579830e-23
 2.505000e+01	5.699720e-23
 2.506000e+01	5.819680e-23
 2.507000e+01	5.939640e-23
 2.508000e+01	6.059610e-23
 2.509000e+01	6.179570e-23
 2.510000e+01	6.299530e-23
 2.511000e+01	6.419720e-23
 2.512000e+01	6.539920e-23
 2.513000e+01	6.660130e-23
 2.514000e+01	6.780330e-23
 2.515000e+01	6.900530e-23
 2.516000e+01	7.020550e-23
 2.517000e+01	7.140470e-23
 2.518000e+01	7.260380e-23
 2.519000e+01	7.380290e-23
 2.520000e+01	7.500200e-23
 2.521000e+01	7.620120e-23
 2.522000e+01	7.740110e-23
 2.523000e+01	7.860090e-23
 2.524000e+01	7.980080e-23
 2.525000e+01	8.100070e-23
 2.526000e+01	8.220060e-23
 2.527000e+01	8.340050e-23
 2.528000e+01	8.460040e-23
 2.529000e+01	8.580030e-23
 2.530000e+01	8.700030e-23
 2.531000e+01	8.820020e-23
 2.532000e+01	8.940010e-23
 2.533000e+01	9.059980e-23
 2.534000e+01	9.179920e-23
 2.535000e+01	9.299860e-23
 2.536000e+01	9.419800e-23
 2.537000e+01	9.539740e-23
 2.538000e+01	9.659680e-23
 2.539000e+01	9.779660e-23
 2.540000e+01	9.899680e-23
 2.541000e+01	1.001970e-22
 2.542000e+01	1.013970e-22
 2.543000e+01	1.025980e-22
 2.544000e+01	1.037980e-22
 2.545000e+01	1.049980e-22
 2.546000e+01	1.062040e-22
 2.547000e+01	1.074090e-22
 2.548000e+01	1.086140e-22
 2.549000e+01	1.098190e-22
 2.550000e+01	1.110240e-22
 2.551000e+01	1.122300e-22
 2.552000e+01	1.134420e-22
 2.553000e+01	1.146610e-22
 2.554000e+01	1.158800e-22
 2.555000e+01	1.170990e-22
 2.556000e+01	1.183180e-22
 2.557000e+01	1.195370e-22
 2.558000e+01	1.207560e-22
 2.559000e+01	1.219760e-22
 2.560000e+01	1.231960e-22
 2.561000e+01	1.244160e-22
 2.562000e+01	1.256360e-22
 2.563000e+01	1.268570e-22
 2.564000e+01	1.280770e-22
 2.565000e+01	1.292970e-22
 2.566000e+01	1.305170e-22
 2.567000e+01	1.317370e-22
 2.568000e+01	1.329560e-22
 2.569000e+01	1.341760e-22
 2.570000e+01	1.353960e-22
 2.571000e+01	1.366150e-22
 2.572000e+01	1.378350e-22
 2.573000e+01	1.390550e-22
 2.574000e+01	1.402760e-22
 2.575000e+01	1.414970e-22
 2.576000e+01	1.427170e-22
 2.577000e+01	1.439380e-22
 2.578000e+01	1.451590e-22
 2.579000e+01	1.463790e-22
 2.580000e+01	1.476000e-22
 2.581000e+01	1.488190e-22
 2.582000e+01	1.500390e-22
 2.583000e+01	1.512580e-22
 2.584000e+01	1.524780e-22
 2.585000e+01	1.536970e-22
 2.586000e+01	1.549170e-22
 2.587000e+01	1.561370e-22
 2.588000e+01	1.573560e-22
 2.589000e+01	1.585760e-22
 2.590000e+01	1.597960e-22
 2.591000e+01	1.610170e-22
 2.592000e+01	1.622370e-22
 2.593000e+01	1.634570e-22
 2.594000e+01	1.646770e-22
 2.595000e+01	1.658970e-22
 2.596000e+01	1.671160e-22
 2.597000e+01	1.683260e-22
 2.598000e+01	1.695370e-22
 2.599000e+01	1.707470e-22
 2.600000e+01	1.719570e-22
 2.601000e+01	1.731680e-22
 2.602000e+01	1.743780e-22
 2.603000e+01	1.755890e-22
 2.604000e+01	1.767990e-22
 2.605000e+01	1.780010e-22
 2.606000e+01	1.792000e-22
 2.607000e+01	1.804000e-22
 2.608000e+01	1.815990e-22
 2.609000e+01	1.827990e-22
 2.610000e+01	1.839980e-22
 2.611000e+01	1.851980e-22
 2.612000e+01	1.863970e-22
 2.613000e+01	1.875970e-22
 2.614000e+01	1.887970e-22
 2.615000e+01	1.899970e-22
 2.616000e+01	1.911970e-22
 2.617000e+01	1.923970e-22
 2.618000e+01	1.935960e-22
 2.619000e+01	1.947960e-22
 2.620000e+01	1.959960e-22
 2.621000e+01	1.971960e-22
 2.622000e+01	1.983960e-22
 2.623000e+01	1.995970e-22
 2.624000e+01	2.007970e-22
 2.625000e+01	2.019970e-22
 2.626000e+01	2.031980e-22
 2.627000e+01	2.043980e-22
 2.628000e+01	2.055990e-22
 2.629000e+01	2.067990e-22
 2.630000e+01	2.080000e-22
 2.631000e+01	2.092000e-22
 2.632000e+01	2.104000e-22
 2.633000e+01	2.116000e-22
 2.634000e+01	2.127990e-22
 2.635000e+01	2.139990e-22
 2.636000e+01	2.151990e-22
 2.637000e+01	2.163990e-22
 2.638000e+01	2.175990e-22
 2.639000e+01	2.187980e-22
 2.640000e+01	2.199980e-22
 2.641000e+01	2.211970e-22
 2.642000e+01	2.223960e-22
 2.643000e+01	2.235950e-22
 2.644000e+01	2.247940e-22
 2.645000e+01	2.259930e-22
 2.646000e+01	2.271910e-22
 2.647000e+01	2.283900e-22
 2.648000e+01	2.295890e-22
 2.649000e+01	2.307880e-22
 2.650000e+01	2.319870e-22
 2.651000e+01	2.331630e-22
 2.652000e+01	2.343220e-22
 2.653000e+01	2.354810e-22
 2.654000e+01	2.366400e-22
 2.655000e+01	2.377990e-22
 2.656000e+01	2.389580e-22
 2.657000e+01	2.401170e-22
 2.658000e+01	2.412770e-22
 2.659000e+01	2.424360e-22
 2.662000e+01	2.459140e-22
 2.665000e+01	2.493950e-22
 2.669000e+01	2.540370e-22
 2.672000e+01	2.575180e-22
 2.675000e+01	2.610000e-22
 2.679000e+01	2.656420e-22
 2.683000e+01	2.702840e-22
 2.686000e+01	2.737610e-22
 2.690000e+01	2.783980e-22
 2.694000e+01	2.830560e-22
 2.697000e+01	2.867310e-22
 2.701000e+01	2.916300e-22
 2.705000e+01	2.965290e-22
 2.709000e+01	3.016980e-22
 2.713000e+01	3.069000e-22
 2.717000e+01	3.121020e-22
 2.721000e+01	3.173000e-22
 2.726000e+01	3.237970e-22
 2.730000e+01	3.289940e-22
 2.734000e+01	3.341960e-22
 2.739000e+01	3.406990e-22
 2.743000e+01	3.459020e-22
 2.748000e+01	3.524000e-22
 2.753000e+01	3.588980e-22
 2.757000e+01	3.640960e-22
 2.762000e+01	3.705960e-22
 2.767000e+01	3.770970e-22
 2.772000e+01	3.835970e-22
 2.777000e+01	3.900980e-22
 2.782000e+01	3.965990e-22
 2.788000e+01	4.043940e-22
 2.793000e+01	4.108860e-22
 2.798000e+01	4.173780e-22
 2.804000e+01	4.248000e-22
 2.809000e+01	4.307990e-22
 2.815000e+01	4.379980e-22
 2.821000e+01	4.451990e-22
 2.827000e+01	4.524000e-22
 2.832000e+01	4.584010e-22
 2.839000e+01	4.668000e-22
 2.845000e+01	4.739990e-22
 2.851000e+01	4.811990e-22
 2.857000e+01	4.884000e-22
 2.864000e+01	4.968010e-22
 2.870000e+01	5.040000e-22
 2.877000e+01	5.123980e-22
 2.884000e+01	5.207970e-22
 2.890000e+01	5.279980e-22
 2.897000e+01	5.363990e-22
 2.904000e+01	5.448000e-22
 2.912000e+01	5.544010e-22
 2.919000e+01	5.628020e-22
 2.926000e+01	5.712030e-22
 2.934000e+01	5.808030e-22
 2.942000e+01	5.904040e-22
 2.949000e+01	5.988020e-22
 2.957000e+01	6.084000e-22
 2.965000e+01	6.180000e-22
 2.974000e+01	6.288030e-22
 2.982000e+01	6.384060e-22
 2.990000e+01	6.480810e-22
 2.999000e+01	6.589700e-22
 3.008000e+01	6.700050e-22
 3.017000e+01	6.812550e-22
 3.026000e+01	6.925050e-22
 3.035000e+01	7.037540e-22
 3.044000e+01	7.150020e-22
 3.053000e+01	7.262520e-22
 3.063000e+01	7.387530e-22
 3.073000e+01	7.512540e-22
 3.083000e+01	7.637530e-22
 3.093000e+01	7.762510e-22
 3.103000e+01	7.887510e-22
 3.113000e+01	8.012510e-22
 3.124000e+01	8.150020e-22
 3.135000e+01	8.287510e-22
 3.146000e+01	8.424990e-22
 3.157000e+01	8.562480e-22
 3.168000e+01	8.700000e-22
 3.180000e+01	8.850030e-22
 3.191000e+01	8.980660e-22
 3.203000e+01	9.122470e-22
 3.215000e+01	9.257480e-22
 3.227000e+01	9.383480e-22
 3.240000e+01	9.519990e-22
 3.252000e+01	9.645990e-22
 3.265000e+01	9.782500e-22
 3.278000e+01	9.919010e-22
 3.291000e+01	1.005550e-21
 3.305000e+01	1.020250e-21
 3.318000e+01	1.033900e-21
 3.332000e+01	1.048590e-21
 3.346000e+01	1.063290e-21
 3.361000e+01	1.079050e-21
 3.375000e+01	1.093750e-21
 3.390000e+01	1.109500e-21
 3.405000e+01	1.125250e-21
 3.420000e+01	1.141000e-21
 3.436000e+01	1.157800e-21
 3.452000e+01	1.174600e-21
 3.468000e+01	1.191400e-21
 3.484000e+01	1.208190e-21
 3.501000e+01	1.226050e-21
 3.517000e+01	1.242850e-21
 3.534000e+01	1.260700e-21
 3.552000e+01	1.279600e-21
 3.569000e+01	1.297420e-21
 3.587000e+01	1.316250e-21
 3.606000e+01	1.335990e-21
 3.624000e+01	1.353990e-21
 3.643000e+01	1.373000e-21
 3.662000e+01	1.392000e-21
 3.681000e+01	1.411000e-21
 3.701000e+01	1.431000e-21
 3.721000e+01	1.451000e-21
 3.742000e+01	1.472000e-21
 3.762000e+01	1.492000e-21
 3.783000e+01	1.513000e-21
 3.805000e+01	1.532380e-21
 3.826000e+01	1.550220e-21
 3.849000e+01	1.569200e-21
 3.871000e+01	1.586800e-21
 3.894000e+01	1.605200e-21
 3.917000e+01	1.623600e-21
 3.941000e+01	1.642800e-21
 3.964000e+01	1.661200e-21
 3.989000e+01	1.681200e-21
 4.013000e+01	1.699860e-21
 4.039000e+01	1.719630e-21
 4.064000e+01	1.738640e-21
 4.090000e+01	1.758400e-21
 4.116000e+01	1.778160e-21
 4.143000e+01	1.798680e-21
 4.170000e+01	1.819200e-21
 4.198000e+01	1.840480e-21
 4.226000e+01	1.861760e-21
 4.254000e+01	1.883040e-21
 4.283000e+01	1.905080e-21
 4.313000e+01	1.927870e-21
 4.343000e+01	1.950670e-21
 4.373000e+01	1.973480e-21
 4.404000e+01	1.997040e-21
 4.436000e+01	2.021360e-21
 4.467000e+01	2.044260e-21
 4.500000e+01	2.068180e-21
 4.533000e+01	2.091120e-21
 4.566000e+01	2.112240e-21
 4.600000e+01	2.134000e-21
 4.635000e+01	2.156400e-21
 4.670000e+01	2.178800e-21
 4.706000e+01	2.201840e-21
 4.742000e+01	2.224880e-21
 4.779000e+01	2.248560e-21
 4.816000e+01	2.272240e-21
 4.854000e+01	2.296560e-21
 4.893000e+01	2.321520e-21
 4.932000e+01	2.346430e-21
 4.972000e+01	2.371340e-21
 5.013000e+01	2.396880e-21
 5.054000e+01	2.420240e-21
 5.096000e+01	2.443760e-21
 5.138000e+01	2.467280e-21
 5.182000e+01	2.491920e-21
 5.226000e+01	2.516560e-21
 5.270000e+01	2.541200e-21
 5.316000e+01	2.566960e-21
 5.362000e+01	2.592720e-21
 5.409000e+01	2.619040e-21
 5.456000e+01	2.643870e-21
 5.505000e+01	2.669580e-21
 5.554000e+01	2.690520e-21
 5.604000e+01	2.709520e-21
 5.655000e+01	2.728900e-21
 5.706000e+01	2.748280e-21
 5.759000e+01	2.768420e-21
 5.812000e+01	2.788560e-21
 5.866000e+01	2.809080e-21
 5.921000e+01	2.829980e-21
 5.977000e+01	2.851260e-21
 6.034000e+01	2.869650e-21
 6.091000e+01	2.887130e-21
 6.150000e+01	2.905000e-21
 6.210000e+01	2.923000e-21
 6.270000e+01	2.941000e-21
 6.332000e+01	2.959600e-21
 6.394000e+01	2.978200e-21
 6.458000e+01	2.997400e-21
 6.522000e+01	3.016600e-21
 6.588000e+01	3.036400e-21
 6.654000e+01	3.056200e-21
 6.722000e+01	3.076600e-21
 6.791000e+01	3.097300e-21
 6.861000e+01	3.118300e-21
 6.932000e+01	3.139600e-21
 7.004000e+01	3.159860e-21
 7.078000e+01	3.177430e-21
 7.152000e+01	3.194960e-21
 7.228000e+01	3.212440e-21
 7.305000e+01	3.230150e-21
 7.383000e+01	3.248090e-21
 7.463000e+01	3.266490e-21
 7.543000e+01	3.284890e-21
 7.625000e+01	3.303750e-21
 7.709000e+01	3.323070e-21
 7.794000e+01	3.342620e-21
 7.880000e+01	3.361640e-21
 7.967000e+01	3.379100e-21
 8.056000e+01	3.396160e-21
 8.146000e+01	3.406060e-21
 8.238000e+01	3.416180e-21
 8.331000e+01	3.426410e-21
 8.426000e+01	3.436860e-21
 8.523000e+01	3.447530e-21
 8.620000e+01	3.458200e-21
 8.720000e+01	3.469200e-21
 8.821000e+01	3.480310e-21
 8.924000e+01	3.491640e-21
 9.028000e+01	3.503080e-21
 9.134000e+01	3.514740e-21
 9.242000e+01	3.526620e-21
 9.351000e+01	3.538610e-21
 9.463000e+01	3.550930e-21
 9.576000e+01	3.563360e-21
 9.690000e+01	3.575900e-21
 9.807000e+01	3.588770e-21
 9.926000e+01	3.599350e-21
 1.004600e+02	3.608130e-21
 1.016900e+02	3.615070e-21
 1.029300e+02	3.618790e-21
 1.042000e+02	3.622600e-21
 1.054800e+02	3.626440e-21
 1.067900e+02	3.630370e-21
 1.081100e+02	3.634330e-21
 1.094600e+02	3.638380e-21
 1.108300e+02	3.642490e-21
 1.122200e+02	3.646660e-21
 1.136400e+02	3.650920e-21
 1.150800e+02	3.655240e-21
 1.165400e+02	3.659620e-21
 1.180200e+02	3.664060e-21
 1.195300e+02	3.667300e-21
 1.210600e+02	3.667440e-21
 1.226200e+02	3.667380e-21
 1.242000e+02	3.665800e-21
 1.258100e+02	3.664190e-21
 1.274400e+02	3.662560e-21
 1.291000e+02	3.660900e-21
 1.307900e+02	3.659210e-21
 1.325000e+02	3.657500e-21
 1.342500e+02	3.655750e-21
 1.360200e+02	3.653980e-21
 1.378100e+02	3.652190e-21
 1.396400e+02	3.650360e-21
 1.415000e+02	3.648500e-21
 1.433900e+02	3.646610e-21
 1.453000e+02	3.644700e-21
 1.472500e+02	3.642750e-21
 1.492300e+02	3.640770e-21
 1.512400e+02	3.634100e-21
 1.532900e+02	3.626630e-21
 1.553600e+02	3.618560e-21
 1.574800e+02	3.610080e-21
 1.596200e+02	3.601520e-21
 1.618000e+02	3.592800e-21
 1.640100e+02	3.583960e-21
 1.662700e+02	3.574920e-21
 1.685500e+02	3.565800e-21
 1.708800e+02	3.556480e-21
 1.732400e+02	3.547030e-21
 1.756400e+02	3.536160e-21
 1.780700e+02	3.525160e-21
 1.805500e+02	3.513360e-21
 1.830700e+02	3.501260e-21
 1.856300e+02	3.488970e-21
 1.882300e+02	3.476500e-21
 1.908700e+02	3.463830e-21
 1.935500e+02	3.450960e-21
 1.962800e+02	3.437770e-21
 1.990500e+02	3.424220e-21
 2.018600e+02	3.410330e-21
 2.047300e+02	3.395400e-21
 2.076300e+02	3.380330e-21
 2.105900e+02	3.364930e-21
 2.135900e+02	3.349330e-21
 2.166400e+02	3.333470e-21
 2.197400e+02	3.317350e-21
 2.228900e+02	3.300970e-21
 2.260900e+02	3.284330e-21
 2.293400e+02	3.267430e-21
 2.326500e+02	3.250220e-21
 2.360100e+02	3.232750e-21
 2.394200e+02	3.215010e-21
 2.428900e+02	3.196970e-21
 2.464100e+02	3.178680e-21
 2.499900e+02	3.160080e-21
 2.536300e+02	3.143300e-21
 2.573200e+02	3.126320e-21
 2.610800e+02	3.109030e-21
 2.649000e+02	3.091460e-21
 2.687800e+02	3.073610e-21
 2.727200e+02	3.055490e-21
 2.767200e+02	3.037090e-21
 2.807900e+02	3.018370e-21
 2.849300e+02	2.999320e-21
 2.891300e+02	2.980000e-21
 2.934000e+02	2.960450e-21
 2.977400e+02	2.941090e-21
 3.021500e+02	2.921420e-21
 3.066300e+02	2.903480e-21
 3.111800e+02	2.885280e-21
 3.158100e+02	2.866760e-21
 3.205100e+02	2.847960e-21
 3.252800e+02	2.828880e-21
 3.301400e+02	2.809440e-21
 3.350700e+02	2.789720e-21
 3.400800e+02	2.769680e-21
 3.451700e+02	2.749320e-21
 3.503400e+02	2.728640e-21
 3.556000e+02	2.707600e-21
 3.609400e+02	2.686240e-21
 3.663700e+02	2.664520e-21
 3.718900e+02	2.642440e-21
 3.775000e+02	2.620000e-21
 3.831900e+02	2.597240e-21
 3.889800e+02	2.574080e-21
 3.948600e+02	2.551490e-21
 4.008400e+02	2.528980e-21
 4.069100e+02	2.507890e-21
 4.130800e+02	2.488140e-21
 4.193500e+02	2.468080e-21
 4.257200e+02	2.447690e-21
 4.322000e+02	2.426950e-21
 4.387800e+02	2.405900e-21
 4.454600e+02	2.384530e-21
 4.522500e+02	2.362800e-21
 4.591600e+02	2.340690e-21
 4.661700e+02	2.318250e-21
 4.733000e+02	2.295440e-21
 4.805400e+02	2.272270e-21
 4.879000e+02	2.248720e-21
 4.953800e+02	2.226320e-21
 5.029800e+02	2.204870e-21
 5.107000e+02	2.184320e-21
 5.185400e+02	2.165500e-21
 5.265200e+02	2.146350e-21
 5.346200e+02	2.126910e-21
 5.428500e+02	2.107160e-21
 5.512100e+02	2.087090e-21
 5.597100e+02	2.066690e-21
 5.683500e+02	2.045960e-21
 5.771300e+02	2.024890e-21
 5.860500e+02	2.003480e-21
 5.951100e+02	1.981740e-21
 6.043200e+02	1.961650e-21
 6.136700e+02	1.942770e-21
 6.231800e+02	1.923640e-21
 6.328400e+02	1.904320e-21
 6.426600e+02	1.884680e-21
 6.526400e+02	1.864720e-21
 6.627700e+02	1.844460e-21
 6.730700e+02	1.823860e-21
 6.835400e+02	1.802920e-21
 6.941800e+02	1.783560e-21
 7.049800e+02	1.764050e-21
 7.159600e+02	1.747650e-21
 7.271200e+02	1.732030e-21
 7.384600e+02	1.716150e-21
 7.499900e+02	1.700010e-21
-----------------------------

